173  128  
117.039  150.091  2.03887  0.905152  94  99  0  0  0  0  0  1  116  116  27  11  8  3  7  28  22  35  26  25  36  11  27  16  84  48  20  2  2  3  8  13  112  108  0  0  0  0  1  10  116  20  0  1  4  4  50  116  116  80  50  10  14  6  23  49  43  57  97  13  2  1  1  11  51  33  0  0  0  0  4  22  116  46  0  0  0  0  11  38  116  34  3  0  0  0  14  110  23  6  18  9  5  14  60  68  39  2  0  0  0  0  1  13  116  15  0  0  0  0  0  38  34  4  0  0  0  0  8  108  16  1  0  0  0  0  24  112
135.963  149.844  2.0635  1.08373  123  123  0  0  0  0  0  1  84  98  4  6  12  3  1  4  9  6  0  3  10  1  0  0  1  0  0  0  0  0  0  0  123  123  10  3  1  0  0  4  102  77  14  13  27  30  42  37  123  35  3  2  14  15  12  49  26  2  0  0  0  0  8  46  123  123  17  9  9  11  22  23  68  78  31  16  29  24  32  23  68  88  101  21  0  0  4  46  7  2  21  30  1  0  29  101  33  51  25  36  33  12  27  22  113  86  39  6  7  5  13  32  65  25  45  18  0  0  2  71  7  1  43  83  1  0  4  28
135.963  149.844  2.0635  1.94213  0  0  0  0  0  0  0  0  5  0  1  2  0  0  2  23  2  0  0  0  0  8  36  26  0  0  2  1  0  24  59  4  95  4  7  10  2  2  7  121  27  3  11  38  32  25  28  93  44  38  4  0  2  13  109  103  4  56  55  1  0  26  56  2  124  4  0  0  0  2  10  124  88  24  26  26  25  34  24  69  120  58  8  8  8  9  35  114  18  51  23  0  0  6  71  45  124  1  0  0  0  0  0  124  112  16  13  12  15  28  27  124  58  21  18  19  16  26  30  78  80  72  4  1  2  3  24  49
115.793  176.279  2.07403  -0.494984  40  4  3  2  0  4  9  33  58  17  4  0  0  1  57  130  87  83  11  1  0  0  11  43  26  55  19  10  14  4  3  6  0  0  0  0  3  48  27  11  114  4  0  0  1  17  46  127  148  38  2  1  7  9  4  71  46  26  4  7  60  44  2  4  3  0  0  0  0  22  27  6  148  27  0  0  0  6  2  26  148  34  0  0  3  11  71  120  48  19  0  1  15  27  51  58  10  13  1  0  0  0  2  3  71  37  0  0  0  0  1  26  40  23  7  2  1  0  67  136  13  0  1  1  2  4  94  148
130.002  177.404  2.0146  -1.63627  27  36  47  24  2  0  0  0  138  130  45  3  0  0  0  31  45  125  98  0  0  3  40  33  1  28  46  14  7  20  63  3  57  14  7  13  11  25  31  23  138  111  2  2  2  3  3  46  61  71  73  6  0  3  27  39  0  5  103  11  1  5  39  1  67  18  18  17  1  8  25  20  138  69  1  0  0  0  2  90  53  34  25  4  0  1  61  87  0  0  27  13  0  8  116  5  45  11  11  18  8  9  7  17  138  47  1  0  0  0  0  82  33  25  29  7  0  0  6  63  0  0  48  31  0  2  13  8
67.8837  221.069  2.11646  1.16419  19  3  0  0  0  1  9  45  13  3  0  0  12  53  45  35  65  120  3  0  20  52  8  0  83  102  10  14  20  24  10  7  16  10  29  21  8  3  2  4  48  11  2  4  36  68  15  12  120  120  3  0  3  13  14  66  30  65  14  26  80  84  30  21  0  2  12  29  51  58  7  0  41  120  10  7  54  36  6  3  110  120  39  21  12  5  31  72  6  0  1  7  26  99  80  27  11  4  0  0  32  63  19  2  120  120  4  0  5  12  3  10  40  93  29  46  102  11  2  3  0  0  0  13  78  17  9  0
127.788  226.166  2.04727  -1.88939  4  9  40  42  10  0  0  0  107  77  21  7  2  0  0  12  50  48  110  96  11  3  2  32  0  0  20  115  70  7  0  0  13  9  9  30  27  23  32  12  114  108  5  6  5  3  9  32  46  39  3  8  14  102  37  45  0  0  0  25  115  115  6  1  25  38  13  25  20  10  15  7  62  53  52  39  4  10  33  42  3  2  4  33  22  115  87  11  0  0  0  1  24  111  4  0  66  15  2  0  3  5  13  35  110  33  46  101  21  1  0  67  5  0  6  115  115  16  1  2  0  0  0  6  22  15  1  0
127.788  226.166  2.04727  -1.51507  34  40  10  3  0  0  0  8  94  96  68  5  0  0  5  64  6  13  108  115  49  15  12  20  0  0  9  93  93  9  0  0  30  14  33  51  11  8  4  10  115  50  2  2  0  5  13  88  21  12  0  5  89  115  25  30  0  0  0  8  115  72  0  0  14  10  11  30  14  34  21  12  70  48  23  6  1  13  29  72  4  8  43  68  40  115  36  11  0  0  1  26  49  42  0  0  10  8  9  29  14  21  24  15  80  52  29  6  1  2  5  98  23  16  93  115  14  1  2  79  0  0  6  115  51  1  0  1
127.788  226.166  2.04727  2.384  0  5  127  33  6  18  25  3  3  4  76  82  59  29  9  2  25  14  13  20  20  10  31  12  19  24  19  7  12  25  26  10  7  0  26  10  5  64  127  36  61  42  36  24  36  76  62  11  11  21  75  118  45  3  4  3  3  0  18  53  18  24  41  6  33  0  0  0  0  1  41  44  127  22  4  3  2  0  6  97  44  26  88  77  35  9  7  21  0  3  64  115  90  41  2  0  6  0  0  0  0  0  9  20  69  0  0  0  0  0  21  127  27  8  9  2  3  68  127  94  0  1  3  4  42  127  53  0
126.284  263.385  2.11551  0.986472  1  0  6  37  15  6  21  18  15  1  5  14  9  8  11  45  57  147  65  17  0  0  0  13  5  147  78  0  0  0  0  0  1  5  42  10  6  17  52  35  73  8  31  17  8  31  27  34  147  147  7  0  0  0  1  45  90  142  33  0  0  0  0  9  0  12  134  29  0  0  0  0  32  21  145  46  3  1  0  3  147  17  22  14  5  0  0  128  37  1  0  0  0  0  0  24  0  8  102  76  34  1  0  0  0  5  27  27  41  29  5  0  1  0  2  8  9  8  2  7  0  0  0  0  0  0  0  0
107.218  7.09351  2.71991  -1.54982  1  0  0  0  1  1  4  5  154  8  0  0  1  1  1  1  181  56  0  0  0  0  0  1  7  7  0  0  0  0  0  0  2  5  1  0  0  0  7  8  181  10  1  0  0  1  3  7  181  54  0  0  0  0  0  16  16  7  0  0  0  0  0  1  1  12  3  2  0  0  0  0  181  14  2  2  0  0  0  2  181  4  0  0  0  0  0  25  22  0  0  0  0  0  0  3  3  5  0  1  0  0  0  0  175  10  0  1  0  0  0  0  181  5  0  0  0  0  0  10  18  0  0  0  0  0  0  1
126.182  7.50445  2.74649  -1.49807  2  8  1  1  0  0  0  0  185  6  1  1  0  0  0  6  187  0  0  0  0  0  0  33  17  0  0  0  0  0  0  3  4  6  1  0  0  0  0  0  187  4  1  1  0  0  0  10  187  4  0  0  0  0  0  37  31  1  0  0  0  0  0  4  2  7  5  0  0  0  0  0  173  10  3  0  0  0  0  6  187  9  0  0  0  0  0  26  45  4  0  0  0  0  0  3  0  5  5  0  0  0  0  0  109  5  1  0  0  0  0  5  187  2  0  0  0  0  0  18  45  2  0  0  0  0  0  1
133.807  7.37144  2.72761  -1.50683  6  5  1  1  0  0  0  0  204  3  1  0  0  0  0  11  204  8  0  0  0  0  0  27  14  1  0  0  0  0  0  1  4  11  6  1  0  0  0  0  204  13  3  0  0  0  0  8  204  13  0  0  0  0  0  29  27  2  0  0  0  0  0  2  2  8  6  0  0  0  0  0  204  5  1  0  0  0  0  11  204  7  0  0  0  0  0  18  34  2  0  0  0  0  0  0  0  0  0  0  0  0  0  0  30  0  0  0  0  0  0  3  68  0  0  0  0  0  0  3  4  0  0  0  0  0  0  0
8.4007  57.6569  2.87816  -1.60007  0  0  0  0  0  0  0  0  22  0  0  0  0  0  0  1  57  0  0  0  0  0  0  1  7  0  0  0  0  0  0  0  0  0  0  0  4  4  5  3  194  1  0  0  0  1  3  19  199  2  0  0  0  0  0  20  71  2  1  0  1  2  3  9  3  1  0  1  12  7  0  0  199  35  0  0  1  0  0  7  199  47  0  0  0  0  0  6  85  8  1  0  2  2  2  6  2  0  0  1  2  5  5  3  199  14  0  0  0  0  1  13  199  25  0  0  0  0  0  10  49  6  0  0  2  1  4  11
32.9622  58.1409  2.73188  -1.56396  1  0  0  0  1  4  5  2  133  4  0  0  0  0  1  15  179  8  0  0  0  0  0  13  58  5  0  0  0  0  3  10  1  3  4  0  0  4  29  13  179  6  1  0  0  0  4  34  179  15  0  0  0  0  0  13  67  6  0  0  0  2  8  5  4  10  13  0  0  0  3  6  179  24  4  0  0  0  1  9  179  24  0  0  0  0  0  9  59  4  0  0  0  0  1  9  3  0  0  0  0  0  2  8  176  3  0  0  0  0  2  6  179  4  0  0  0  0  0  8  40  2  0  0  0  0  2  10
121.584  143.304  2.57182  1.35883  15  1  0  0  0  0  2  5  139  55  0  0  0  0  0  3  139  64  2  4  1  4  8  14  47  40  7  2  1  3  6  23  37  8  0  1  2  0  0  0  139  100  1  0  0  0  0  15  139  69  11  17  5  8  19  30  88  64  9  2  1  2  4  38  51  3  0  0  0  0  2  4  139  13  0  0  0  0  8  84  96  16  3  6  2  3  75  139  80  52  8  1  1  4  31  105  49  10  0  0  0  0  0  3  139  13  0  0  0  0  2  28  68  0  0  0  0  0  13  101  38  0  0  0  0  0  44  111
131.044  143.166  2.59206  1.53087  28  0  0  0  0  0  1  12  164  0  0  0  0  0  0  21  75  1  0  1  6  6  5  24  24  0  0  0  0  0  11  43  60  0  0  0  0  0  6  26  164  22  0  0  0  0  1  39  140  34  4  6  4  14  15  42  57  52  17  0  0  1  12  53  77  2  0  0  1  0  0  6  164  40  1  1  0  0  1  35  125  40  9  17  3  17  19  47  84  59  9  1  0  1  3  64  48  1  0  0  0  0  1  9  164  11  0  0  0  0  12  125  62  17  4  8  2  7  78  122  51  36  3  1  1  7  39  102
110.604  154.274  2.6338  0.730665  19  120  1  0  0  0  0  0  120  120  0  0  0  0  0  42  104  65  29  5  10  3  8  64  48  74  54  5  2  0  1  3  60  85  0  0  0  0  0  3  120  57  0  0  0  0  0  27  120  70  8  0  0  0  3  87  43  24  34  10  5  8  21  63  70  17  0  0  0  0  0  4  120  20  0  0  0  0  0  36  105  6  0  0  0  0  2  120  53  4  4  3  0  5  43  120  60  4  0  0  0  0  0  9  45  2  0  0  0  1  12  50  30  0  0  0  0  13  64  108  8  0  0  0  3  97  120  57
130.972  154.15  2.40108  1.17374  119  119  0  0  0  0  1  3  97  40  1  1  6  11  17  17  84  9  0  0  1  1  4  46  2  0  0  0  0  0  5  23  119  119  4  4  2  3  11  11  92  94  14  7  4  6  18  24  60  66  61  15  0  0  8  56  2  1  20  19  0  0  30  87  99  84  15  19  10  5  26  44  119  119  28  6  3  2  8  31  60  34  46  18  3  0  3  53  5  3  70  48  0  0  15  37  99  7  0  0  0  1  35  119  119  64  20  1  1  3  34  119  9  14  21  8  15  15  42  37  3  4  30  11  3  2  36  38
119.82  155.092  2.61975  0.773691  89  118  5  0  0  0  0  6  49  118  34  7  11  2  8  17  49  72  29  4  5  1  10  11  40  36  33  14  0  0  0  14  118  80  0  0  0  0  1  50  118  69  27  4  7  2  7  79  72  96  86  9  3  2  3  9  33  12  18  47  3  1  0  17  118  31  0  0  0  0  0  17  118  40  2  0  0  0  4  107  49  11  17  8  5  9  34  118  14  4  13  26  4  5  5  54  82  5  0  0  0  0  0  26  58  0  0  0  0  0  4  114  37  2  2  1  0  22  70  118  8  2  8  21  5  13  118  85
119.021  169.558  2.48092  -0.489833  66  45  1  0  0  0  0  18  27  116  6  0  0  0  0  3  56  119  37  3  2  0  1  3  6  19  47  55  27  2  1  2  62  8  0  0  0  4  37  133  140  83  5  0  0  0  12  107  58  83  17  8  22  7  5  6  10  30  12  7  16  9  6  5  76  2  0  0  0  23  32  52  140  15  0  0  2  4  12  96  85  28  2  3  31  27  17  28  21  36  2  1  29  31  1  1  73  11  0  0  0  2  4  12  140  9  0  0  0  0  44  140  23  3  0  0  0  5  104  140  10  6  0  0  7  23  64  53
112.21  174.281  2.71564  -0.679898  11  0  2  10  2  0  0  16  95  36  2  0  0  0  0  28  24  116  24  0  0  0  0  5  12  105  64  4  0  0  0  0  3  0  1  3  0  4  19  39  83  10  1  0  0  11  36  129  136  100  13  0  0  0  4  121  39  109  24  5  10  6  2  4  1  0  0  0  1  9  43  34  124  30  0  0  0  17  36  37  136  102  1  0  2  7  10  71  46  48  4  3  19  30  8  13  4  17  6  0  1  1  3  4  95  55  1  0  0  0  1  19  125  24  0  0  0  1  28  136  27  11  0  0  1  10  51  136
125.579  181.413  2.52694  -1.51356  0  7  42  15  0  0  0  0  13  93  48  0  0  0  1  3  40  144  91  0  0  0  1  4  35  144  85  9  1  2  3  1  17  33  44  9  0  0  0  4  124  105  62  3  0  1  1  7  144  144  37  0  0  0  6  36  11  55  52  4  2  16  33  8  25  10  3  0  0  0  11  43  134  14  9  2  1  5  38  61  144  37  4  0  0  0  6  99  17  16  38  2  0  10  44  21  12  20  13  4  1  0  1  8  88  22  21  4  0  1  6  23  144  17  1  0  0  0  1  71  26  9  22  6  0  4  12  19
133.198  182.417  2.67389  -1.63867  22  23  29  14  0  0  1  7  64  89  88  7  0  0  1  2  156  156  87  0  0  0  2  11  15  114  95  9  3  8  29  9  32  15  8  1  0  0  7  44  156  31  15  4  1  3  43  62  156  90  9  0  0  0  6  67  23  19  66  6  0  6  52  20  22  28  20  10  3  0  1  9  156  46  29  11  1  2  8  26  156  62  4  0  0  0  4  73  25  12  34  22  0  6  43  21  5  0  0  0  1  0  0  3  32  0  0  0  0  1  1  9  84  1  0  0  0  0  0  28  11  1  9  4  0  0  0  7
46.2811  197.217  2.39054  0.362885  8  2  0  0  0  3  36  30  27  52  0  0  0  8  28  4  51  120  20  0  0  0  5  1  6  104  88  2  0  0  0  0  45  13  0  0  0  0  1  8  120  98  1  0  0  0  1  13  120  120  6  0  0  0  3  16  86  120  71  25  5  0  0  3  32  2  0  0  0  0  0  28  120  9  0  0  0  0  6  102  120  16  0  0  0  0  18  120  120  25  4  7  6  11  17  81  31  4  0  0  0  0  0  5  86  6  0  0  0  0  0  25  116  1  0  0  0  0  0  98  68  0  0  0  0  20  70  120
65.1364  203.407  2.56629  -3.08643  0  1  31  55  52  25  14  1  21  20  33  17  7  20  13  10  32  52  125  15  0  1  5  4  0  4  88  105  56  2  1  0  0  0  3  10  70  93  17  0  103  8  3  13  17  16  9  23  125  55  47  4  6  7  4  30  1  5  37  41  125  39  3  1  1  4  36  20  6  17  7  0  56  20  22  41  10  9  8  14  123  10  1  0  2  34  93  103  0  0  0  4  107  125  49  6  1  1  3  2  1  32  101  7  1  0  1  2  4  55  124  9  1  0  0  0  0  28  125  16  0  0  0  0  13  118  75  0
80.2988  210.107  2.66032  0.51659  10  52  16  1  1  7  10  2  1  15  26  34  28  12  7  0  0  6  63  69  18  0  0  0  0  0  7  82  69  0  0  0  14  3  0  6  8  13  38  21  91  96  26  3  1  7  10  17  14  44  92  106  62  15  2  5  0  0  6  92  116  13  0  0  19  13  8  57  32  3  4  9  112  24  3  0  0  6  47  78  15  36  24  12  52  116  79  37  0  73  116  30  75  56  0  0  2  9  10  17  28  47  25  1  37  116  33  0  1  16  50  12  10  116  116  5  6  24  29  5  8  116  105  17  20  57  32  4
119.372  223.023  2.6853  0.434263  22  2  0  0  0  0  1  12  27  55  16  0  0  0  0  1  1  50  99  3  0  0  0  0  63  130  39  3  0  1  0  1  52  4  0  0  0  0  1  15  133  133  45  0  0  0  0  16  35  107  133  49  14  29  8  5  69  46  80  50  19  37  28  23  44  7  12  7  2  0  0  14  133  24  3  0  0  5  28  133  51  12  8  7  15  133  133  87  14  10  10  13  17  96  64  8  4  9  48  27  2  0  0  0  32  10  23  2  0  0  16  63  15  1  3  1  0  23  71  75  37  11  6  6  7  14  19  56
56.1612  226.385  2.68111  1.17772  1  1  26  60  52  36  0  0  52  74  6  8  40  33  3  6  125  84  14  11  12  29  40  66  3  2  0  3  51  112  34  9  9  0  0  1  48  121  66  13  125  125  8  2  12  33  9  32  58  102  30  51  125  46  11  12  0  0  0  6  70  47  10  0  34  7  0  0  5  35  55  27  125  26  0  0  1  20  41  101  41  6  0  2  53  125  96  44  6  6  3  5  29  33  6  1  47  7  0  0  1  2  24  52  107  20  0  0  3  27  26  58  44  14  0  0  2  34  30  16  15  21  8  10  0  0  1  4
72.284  225.741  2.61313  1.42277  8  8  14  34  56  29  23  15  125  71  3  19  53  13  1  5  93  39  12  34  113  47  6  10  20  12  2  15  48  10  7  14  19  2  0  0  16  57  43  33  125  115  5  4  15  29  7  43  55  43  11  52  125  71  11  14  0  0  0  4  59  30  24  10  22  11  9  17  39  24  3  11  125  69  6  8  11  18  28  122  20  9  4  14  85  125  52  37  0  0  0  2  38  33  5  1  42  14  2  9  54  34  1  5  125  117  16  27  21  6  3  22  5  11  10  63  114  29  3  2  3  3  1  5  18  16  2  1
85.3201  225.946  2.61207  1.6696  2  19  80  19  0  0  0  0  23  130  61  9  0  0  0  0  35  80  74  52  1  0  0  0  56  60  10  4  0  0  0  0  17  19  86  94  7  0  0  0  130  130  39  38  9  1  0  13  47  50  47  130  88  5  1  6  50  15  4  14  9  2  12  17  16  8  22  71  68  26  15  6  130  24  3  23  39  9  4  55  56  13  6  68  130  27  7  21  1  0  0  11  39  14  31  10  7  0  0  0  23  39  39  19  130  21  2  2  16  15  9  84  52  14  5  46  110  55  24  36  0  0  0  11  67  18  3  0
42.4997  227.058  2.59382  0.963895  10  0  0  0  0  4  41  84  70  23  0  0  2  33  76  26  123  98  3  1  3  16  35  51  28  27  8  10  91  108  42  15  19  0  0  0  0  1  28  88  123  84  0  0  2  6  14  51  123  58  0  0  0  51  88  54  12  19  2  1  4  70  94  15  47  0  0  0  0  0  21  39  123  5  0  0  0  2  16  123  94  21  0  0  0  30  49  62  61  41  4  3  0  1  2  11  50  27  0  0  0  1  1  2  123  52  0  0  0  0  0  17  111  97  1  0  0  0  2  16  37  47  10  0  0  0  1  9
123.362  231.231  2.51217  -1.60676  0  6  2  0  7  60  17  0  2  44  37  5  11  18  0  0  2  37  118  50  8  2  0  0  0  0  82  81  1  0  0  0  1  60  62  5  0  8  6  0  94  95  47  14  0  0  0  7  118  108  118  56  11  8  2  41  1  1  64  118  118  29  1  3  31  42  40  12  4  7  7  35  82  24  27  37  15  21  8  22  118  19  2  4  16  70  31  66  1  0  0  8  118  118  9  4  33  20  6  9  4  5  15  46  45  33  7  22  11  17  15  26  61  52  55  74  13  24  13  38  1  0  11  118  67  42  2  0
78.7251  231.601  2.42706  -1.62114  1  5  4  3  19  3  0  0  52  45  1  0  0  0  0  5  50  96  45  42  23  12  6  18  7  6  13  91  114  35  3  4  0  3  37  17  7  0  0  0  121  45  15  1  0  0  0  15  121  69  20  26  64  37  11  64  8  15  7  60  121  63  2  1  0  1  49  56  16  0  0  0  82  23  22  21  11  3  1  16  121  59  9  20  98  22  8  43  37  9  2  16  121  45  2  12  1  1  4  17  66  23  3  5  37  1  2  6  59  46  8  50  78  5  0  2  49  83  59  119  9  0  0  1  121  121  17  25
89.1951  232.396  2.48621  -2.11216  0  0  3  38  118  59  1  0  1  3  11  51  14  1  0  0  59  91  12  6  1  0  0  2  50  63  23  14  33  58  12  7  5  0  1  1  28  95  23  8  43  12  2  11  20  78  12  8  118  118  11  6  21  30  9  14  17  24  6  5  83  118  11  4  1  0  0  0  0  90  72  8  67  2  0  0  0  91  59  70  96  12  0  0  10  118  118  84  45  10  0  0  39  118  34  14  0  0  0  0  0  77  47  0  3  0  0  0  0  37  99  36  2  0  0  0  0  47  118  35  27  0  0  0  0  19  27  78
131.363  231.848  2.5838  -1.6416  2  45  51  1  0  8  8  0  40  63  52  17  0  1  0  1  116  103  96  23  2  2  1  26  6  7  74  116  83  22  2  6  39  42  32  4  1  2  6  41  50  25  34  44  19  27  12  19  116  31  4  5  6  42  25  62  8  0  0  10  116  116  16  9  47  25  5  5  2  2  19  72  45  34  9  32  19  24  29  36  102  80  61  73  11  20  13  57  3  2  20  116  87  61  6  2  3  0  0  0  0  0  16  49  22  1  0  0  1  7  32  41  103  10  10  26  5  0  0  93  16  1  6  116  109  0  0  8
88.809  252.854  2.49362  1.11792  2  56  16  6  2  0  0  0  2  47  61  12  0  0  0  0  20  40  77  31  0  0  0  0  40  40  14  4  3  13  11  10  28  22  1  1  2  1  3  14  140  140  82  26  8  3  1  13  35  64  137  140  140  32  2  5  6  2  3  17  39  44  17  5  40  1  0  0  0  0  10  47  140  24  2  3  9  35  56  140  38  8  4  21  140  140  69  47  0  0  0  1  46  44  0  0  30  17  0  0  0  0  1  11  48  7  0  0  2  19  48  56  1  0  0  0  8  76  56  14  0  0  0  0  3  9  1  0
40.9578  254.267  2.61961  1.6325  23  7  10  3  0  0  0  8  120  20  5  10  10  0  0  31  14  6  4  60  91  0  0  3  4  18  3  8  9  0  0  0  29  8  5  1  0  0  6  19  124  47  5  10  3  0  0  18  43  23  10  119  112  0  0  2  8  16  3  19  28  0  0  5  49  10  0  0  0  1  10  26  124  15  3  4  0  1  7  69  124  24  14  124  124  0  0  18  3  0  0  63  77  1  2  8  25  0  0  0  0  13  34  28  124  1  0  0  0  4  24  124  114  4  3  57  100  30  53  124  0  0  0  38  124  47  16  1
53.3077  253.565  2.48601  1.52603  32  17  1  2  3  7  3  5  143  36  1  1  7  3  0  9  19  5  2  10  89  49  5  4  2  4  1  2  11  15  27  20  56  20  8  7  3  1  0  15  143  105  21  21  12  0  0  22  17  21  21  114  143  7  0  2  10  22  7  14  26  2  1  3  47  24  25  12  0  0  3  10  143  76  9  13  20  1  0  30  41  19  9  103  143  2  0  5  5  43  12  20  37  0  0  0  63  17  1  0  0  0  6  24  143  95  8  20  10  0  0  13  44  34  12  139  143  0  0  0  14  19  5  17  45  0  0  7
28.2589  256.924  2.63653  1.00403  32  23  0  0  0  0  14  23  76  92  4  0  0  0  5  15  48  136  16  10  65  20  0  0  1  5  6  4  85  43  0  0  48  2  0  0  0  0  25  43  136  136  2  1  5  6  5  42  73  91  10  13  136  103  5  9  9  2  0  0  78  41  0  2  34  0  0  0  0  0  3  49  136  7  0  0  2  17  50  136  28  2  0  0  84  136  109  70  1  0  0  0  19  28  10  6  7  2  1  0  0  1  5  9  14  0  0  0  0  1  55  79  0  0  0  0  0  17  117  40  0  0  0  0  0  2  10  5
90.5965  258.715  2.47975  -1.73507  0  2  0  0  0  0  0  0  10  23  8  4  0  0  1  0  16  94  67  36  6  0  0  0  0  3  24  83  40  1  0  0  0  0  0  0  0  0  0  0  115  41  0  0  0  0  1  5  133  133  75  97  46  8  7  43  4  9  29  133  133  16  3  4  4  8  0  0  0  0  0  2  84  40  3  1  1  0  2  23  133  12  2  10  34  55  133  133  3  0  0  19  133  133  90  19  19  26  0  0  0  0  0  7  20  64  15  14  19  7  3  5  0  1  3  13  62  36  54  13  0  0  0  0  4  37  48  4
105.213  258.652  2.55298  2.08372  29  73  0  1  5  12  3  0  35  121  33  11  0  0  0  0  0  11  73  46  3  0  0  0  0  0  6  1  0  0  0  0  58  121  0  0  0  0  0  0  125  125  43  17  4  1  2  17  8  23  77  111  75  7  2  4  0  0  6  12  23  1  0  0  54  54  5  0  0  0  0  7  125  36  6  1  4  6  16  125  11  10  12  22  110  38  24  38  0  0  2  13  42  1  0  0  48  33  7  0  0  0  0  2  114  125  79  4  0  0  1  33  25  92  125  125  42  3  3  17  0  0  3  100  45  0  0  0
49.069  260.501  2.61485  -1.85139  0  0  0  0  0  0  0  0  33  3  0  13  18  4  1  1  152  13  0  2  23  25  6  56  57  1  1  14  152  120  8  26  0  0  0  0  0  6  6  0  54  5  0  1  9  33  28  12  152  19  0  0  25  52  16  56  21  0  0  1  152  152  10  13  0  0  0  0  4  12  6  0  92  15  0  0  5  22  15  13  152  32  0  0  73  45  11  31  2  0  0  1  142  112  9  7  0  0  4  15  5  8  3  0  69  29  6  6  2  6  6  16  76  14  0  0  43  61  24  36  0  0  0  2  86  62  7  3
33.4382  261.966  2.54008  -1.85194  0  0  1  0  0  0  0  0  7  48  74  3  0  0  0  0  7  59  124  100  3  0  0  0  0  0  15  118  11  0  0  0  0  0  2  2  0  0  0  0  124  58  14  3  0  0  0  2  124  98  63  113  99  8  0  10  0  0  9  124  124  5  0  0  0  0  0  4  5  1  0  0  124  7  0  5  8  1  0  12  124  4  0  3  120  73  11  53  0  0  8  22  124  51  1  0  0  0  0  0  2  9  8  0  100  8  0  0  3  6  6  14  80  3  0  0  60  72  10  22  0  0  1  2  80  42  1  0
112.86  175.478  3.02427  -0.747613  7  0  1  4  3  0  3  14  95  27  1  0  0  0  0  18  39  120  33  0  0  0  0  4  1  88  108  6  0  0  0  0  1  0  0  0  1  2  27  54  97  7  0  0  0  2  38  107  140  116  8  0  0  0  0  78  25  120  25  4  4  1  0  1  2  3  0  0  3  9  31  24  140  38  0  0  0  1  30  37  140  85  1  0  0  1  1  94  34  34  5  1  6  8  4  29  4  32  10  0  1  1  0  1  97  64  3  0  0  0  0  16  105  9  0  0  0  0  16  140  12  2  0  0  0  4  39  140
129.429  176.418  4.26095  -1.44966  9  17  21  1  0  5  14  12  89  145  5  0  0  0  0  30  49  145  122  12  0  0  0  0  0  3  106  145  6  0  0  0  37  75  44  0  0  0  0  9  145  145  11  0  0  0  0  24  75  145  73  8  4  4  2  8  0  1  41  88  96  4  0  0  63  22  0  0  0  0  0  23  145  12  0  0  0  0  0  93  113  4  3  4  4  9  5  39  0  0  0  23  63  9  1  0  6  6  0  0  0  0  0  0  29  1  0  0  0  0  0  4  9  0  0  0  0  0  0  2  0  0  0  0  0  0  0  0
9.30876  60.8643  5.38609  -1.60513  5  0  0  0  0  0  0  0  7  0  0  0  0  0  0  0  16  0  0  0  0  0  0  0  1  0  0  0  0  0  0  0  81  6  0  0  0  0  0  1  186  3  0  0  0  1  1  6  202  8  0  0  0  0  0  1  39  3  1  0  0  0  0  1  69  4  0  0  0  1  12  28  202  10  0  0  0  2  8  15  202  23  0  0  0  0  0  5  48  1  0  0  0  0  1  15  18  15  1  0  0  0  9  24  202  14  0  0  0  0  5  17  202  20  0  0  0  0  0  5  33  0  0  0  0  0  4  10
33.5139  61.8767  5.45594  -1.5552  71  2  0  0  0  0  0  3  114  0  0  0  0  1  1  8  192  0  0  0  0  0  0  16  41  1  0  0  0  0  0  6  47  6  0  0  0  0  13  36  156  1  0  0  0  1  15  28  192  0  0  0  0  0  0  19  55  0  0  0  0  0  1  15  15  25  2  0  0  0  2  8  186  7  0  0  0  0  2  10  192  2  0  0  0  0  0  13  52  0  0  0  0  0  9  15  10  16  3  0  0  0  0  0  136  12  5  0  0  0  0  0  192  4  0  0  0  0  0  9  34  0  0  0  0  0  2  16
123.989  146.335  5.28532  1.29198  5  0  0  0  6  3  0  1  68  21  0  0  0  0  0  1  47  18  0  0  0  0  0  0  2  1  0  0  0  0  0  0  19  2  0  0  8  2  1  2  147  81  0  0  0  0  0  10  147  83  0  0  0  0  0  18  25  21  2  0  36  18  3  3  34  3  0  4  16  2  1  2  147  13  0  0  0  0  0  79  147  8  0  0  0  4  49  147  10  3  0  0  28  147  135  34  27  3  0  14  19  0  0  0  131  3  0  0  0  0  0  64  29  0  0  0  0  18  74  137  0  0  0  1  22  135  88  9
57.1933  203.692  5.45758  0.197461  22  33  9  0  0  1  2  33  27  78  30  0  0  0  4  40  5  64  60  0  0  3  18  14  1  15  45  24  3  11  18  3  82  11  0  0  0  0  2  36  127  127  37  3  1  0  1  29  26  107  127  38  33  4  1  6  15  29  66  74  21  0  0  1  119  3  0  0  0  0  0  11  127  46  3  1  2  3  11  125  59  61  39  17  55  39  28  57  44  62  56  34  37  5  1  6  54  79  16  0  0  0  0  3  127  127  3  0  0  0  2  23  50  108  58  0  1  11  46  29  9  51  47  9  5  11  71  16
122.247  224.96  4.92967  0.589256  6  0  0  6  3  9  54  71  9  29  4  0  0  28  44  24  4  111  13  0  0  4  6  0  1  13  0  0  0  0  0  0  24  1  0  57  31  0  1  21  127  127  28  1  0  0  6  39  45  127  83  1  4  33  29  14  10  25  0  0  0  35  23  2  15  3  55  127  37  0  0  2  127  37  48  25  0  1  30  127  31  16  14  1  2  54  127  106  0  0  0  0  6  95  45  7  1  10  86  121  16  8  2  0  7  17  127  63  0  0  2  9  2  3  109  59  0  1  28  26  9  29  21  23  2  13  23  6
57.952  228.624  4.63558  0.840582  86  62  19  19  4  3  8  54  20  15  11  55  29  12  8  23  72  90  16  9  5  5  4  27  7  41  73  48  16  28  5  1  36  1  0  1  2  5  63  126  111  66  1  6  17  24  66  69  74  108  3  2  7  70  27  13  41  13  0  0  4  86  42  16  91  0  0  0  0  0  5  126  126  10  0  0  0  3  18  117  31  41  6  0  6  70  39  36  22  81  14  1  2  19  6  3  105  45  0  0  0  0  0  18  126  71  0  0  0  0  0  26  43  126  27  3  4  0  1  5  0  50  27  9  44  13  1  0
30.7049  258.168  4.93262  0.742222  109  75  0  0  0  0  0  9  136  112  2  0  0  0  1  18  17  136  54  5  9  4  3  4  2  35  24  6  29  20  6  2  136  69  0  0  0  0  0  14  136  136  5  0  0  3  5  48  55  136  46  17  91  72  12  13  0  1  3  4  75  33  0  0  90  11  0  0  0  0  3  34  136  10  0  0  0  5  49  136  26  6  0  0  23  72  83  95  0  0  0  0  7  7  0  0  4  1  0  0  0  1  15  16  1  0  0  0  0  0  16  72  0  0  0  0  0  0  4  15  0  0  0  0  0  0  0  0
121.72  157.004  5.65807  0.991394  18  18  0  0  3  5  0  0  76  124  0  0  0  0  0  0  20  41  0  0  0  0  0  0  0  0  0  0  0  0  0  0  90  51  0  0  2  1  0  0  133  133  0  0  0  0  0  14  99  100  0  0  2  10  7  18  0  4  0  0  23  63  3  0  124  36  0  0  1  0  0  6  133  13  0  0  0  0  22  133  43  4  0  0  1  69  133  102  0  0  0  0  32  133  102  1  63  5  0  0  0  0  0  25  34  0  0  0  0  5  41  82  0  0  0  1  10  84  125  15  0  0  1  4  4  57  85  4
113.728  194.001  10.2541  -0.936228  0  66  114  16  1  0  0  0  0  8  94  71  4  0  1  1  2  22  134  37  0  0  10  16  0  1  50  68  0  0  34  52  0  23  74  39  42  22  0  0  38  9  18  41  62  68  7  10  134  134  134  34  1  3  3  19  16  39  134  134  2  0  0  3  0  6  28  31  134  56  0  0  53  13  75  48  47  65  4  10  134  36  16  11  0  1  1  93  30  13  16  39  0  0  0  11  8  6  8  5  59  44  0  4  15  12  45  34  4  1  0  5  5  0  3  7  0  0  0  4  0  0  0  0  0  0  0  0
60.5247  206.353  10.106  0.44042  1  3  0  0  7  81  15  5  54  74  0  0  6  38  1  0  114  50  6  6  3  3  41  75  27  7  0  5  4  17  126  106  19  4  0  0  2  51  16  16  126  97  4  0  0  2  0  25  35  83  72  62  6  2  6  4  27  34  39  113  13  4  31  10  26  7  0  0  0  7  8  15  126  48  0  0  0  0  0  58  126  63  31  21  0  0  0  16  29  32  126  105  0  0  0  3  18  49  1  0  0  0  0  0  126  126  2  0  0  0  0  4  79  95  29  5  0  0  0  3  44  16  19  12  0  0  0  5
116.412  200.683  12.2154  -0.945031  1  57  126  18  0  0  0  0  1  21  126  62  4  0  2  6  2  25  126  38  0  0  16  36  4  1  42  59  0  0  35  107  0  16  126  54  48  10  0  0  46  15  40  53  94  59  3  9  126  126  126  59  2  4  1  25  12  24  122  126  1  0  1  10  0  2  24  36  126  36  0  0  38  8  67  62  90  34  1  8  126  21  18  11  0  1  0  47  10  5  7  10  0  0  0  2  0  0  0  0  14  21  1  0  2  2  13  7  4  6  1  1  0  0  1  1  0  0  0  0  0  0  0  0  0  0  0  0
121.026  175.376  2.07444  -0.748595  23  1  0  0  0  3  38  84  121  39  3  0  0  0  8  126  44  127  31  4  3  1  1  3  8  25  32  18  30  7  7  3  55  13  0  0  0  2  18  22  139  87  0  0  0  1  6  54  113  56  11  6  23  56  19  18  7  44  15  3  12  20  12  3  54  44  8  0  0  0  0  4  139  32  0  0  0  0  27  139  81  19  0  0  2  18  61  139  29  50  4  1  5  43  23  24  19  28  5  0  0  0  1  8  45  15  0  0  0  3  15  52  29  1  0  0  0  8  73  139  26  3  0  0  0  12  72  139
32.8739  59.0137  2.74823  -1.56605  2  0  0  0  2  5  7  4  119  2  0  0  1  1  2  9  193  6  0  0  0  0  0  14  56  2  0  0  0  0  1  10  2  5  3  0  0  1  43  20  157  6  1  0  0  0  14  33  193  8  0  0  0  0  0  15  67  4  0  0  0  0  2  13  7  19  10  0  0  0  3  6  166  27  4  0  0  0  1  12  193  19  0  0  0  0  0  8  70  10  0  0  0  0  1  8  4  1  1  1  0  0  0  4  151  1  0  0  0  0  0  11  193  2  0  0  0  0  0  8  44  1  0  0  0  0  6  13
110.666  154.76  2.68015  0.810509  14  47  0  0  0  0  1  1  125  125  0  0  0  0  0  4  125  122  38  0  0  0  0  12  48  61  37  4  1  0  0  4  43  123  0  0  0  0  0  0  125  108  0  0  0  0  0  4  125  34  5  0  0  0  2  89  29  11  15  13  7  2  20  76  75  56  0  0  0  0  0  0  125  21  0  0  0  0  3  34  68  3  0  0  0  39  59  109  6  0  1  2  2  69  125  87  58  8  0  0  0  0  1  6  26  2  0  0  0  10  40  29  2  0  0  0  8  68  97  26  0  0  0  0  32  87  63  4
119.873  155.081  2.62857  0.757843  24  93  1  0  0  0  0  0  37  130  31  0  0  0  0  0  49  130  35  0  0  0  0  0  28  40  28  10  0  0  0  3  100  130  0  0  0  0  0  2  130  113  34  0  0  0  0  15  60  84  62  5  2  0  0  8  25  15  17  45  4  2  1  17  107  70  0  0  0  0  0  2  130  33  1  0  0  0  3  74  42  8  13  14  6  2  31  100  4  0  3  17  17  66  42  31  68  10  0  0  0  0  4  21  39  1  0  0  0  33  50  67  5  0  0  1  2  61  130  82  0  0  0  2  8  103  130  27
119.411  169.926  2.43244  -0.639787  66  26  3  0  0  0  1  36  23  81  44  1  0  0  0  16  3  85  136  10  1  0  0  0  0  19  93  60  21  0  0  0  45  1  0  0  0  1  46  128  136  71  3  0  0  0  4  107  41  103  22  7  12  12  4  1  1  10  47  54  28  4  2  0  96  10  0  0  0  0  16  28  136  12  0  0  0  2  17  136  62  25  1  0  8  21  32  88  9  27  15  5  16  33  5  5  40  35  3  0  0  0  0  5  84  7  0  0  0  0  17  136  18  1  0  0  0  2  83  136  8  4  1  0  3  18  57  89
112.83  174.97  2.71057  -0.811658  8  0  0  0  1  0  3  31  85  24  3  0  0  0  0  25  29  66  77  5  0  0  0  6  0  17  136  41  0  0  0  0  1  0  0  0  4  8  24  60  73  6  0  0  0  0  46  136  136  100  17  0  0  0  2  112  16  110  92  14  8  3  2  0  1  6  4  0  2  10  12  13  120  38  3  0  0  0  21  38  136  91  2  0  1  4  9  102  41  47  10  2  8  23  13  27  9  26  8  0  0  0  0  0  63  56  9  0  0  0  0  11  126  11  0  0  0  0  15  136  39  11  0  0  0  9  38  136
54.0168  203.199  2.55586  0.194644  10  36  2  0  0  0  27  11  11  119  32  0  0  0  14  6  1  76  119  8  1  0  8  2  2  34  86  9  4  2  4  2  86  61  4  0  0  0  0  19  119  119  20  0  0  0  1  22  37  104  115  52  45  8  11  4  2  3  19  51  99  10  4  7  100  8  0  0  0  0  0  28  119  10  0  0  0  1  26  119  40  12  7  5  29  57  119  56  2  7  12  19  73  48  24  2  61  35  7  0  0  0  0  3  36  83  27  0  0  0  9  57  25  119  82  3  0  8  41  30  3  29  113  36  9  19  10  2
80.5779  209.753  2.52649  1.33864  21  77  17  1  7  1  0  0  3  68  74  12  0  0  0  0  0  29  107  108  1  0  0  0  2  108  106  37  0  0  0  0  64  91  23  1  1  3  0  1  69  106  51  6  1  3  3  20  41  64  54  107  61  15  5  7  108  108  40  40  32  10  0  4  81  14  0  0  4  18  8  14  41  3  0  0  3  19  43  104  94  47  1  5  30  53  64  44  108  82  9  13  59  33  2  9  28  25  36  20  4  10  8  6  9  4  33  22  3  9  16  23  108  29  2  4  2  3  21  74  80  33  5  7  62  67  24  45
119.408  222.528  2.61085  0.613877  12  1  0  0  0  3  20  29  16  61  11  0  0  9  12  3  3  108  98  1  0  0  0  0  103  128  37  3  3  8  6  13  43  4  0  0  0  0  1  27  128  128  31  0  0  1  3  29  32  128  128  19  21  73  17  11  24  16  46  26  41  56  36  23  39  9  7  4  1  0  0  20  128  24  2  0  0  6  45  128  32  10  3  2  10  128  128  95  12  1  1  11  24  50  47  56  3  25  71  16  0  0  0  0  20  42  59  0  0  0  11  30  1  4  41  15  0  6  61  28  1  0  10  9  3  7  46  57
72.4827  225.252  2.50096  1.33656  50  21  6  6  10  14  25  56  99  56  7  25  50  33  18  9  105  59  11  18  71  52  4  12  39  11  2  9  35  22  6  33  17  1  2  0  0  11  42  68  118  102  5  3  6  20  33  59  61  59  12  27  118  95  12  16  16  1  0  0  43  36  27  44  14  14  41  55  27  6  5  10  118  85  11  11  10  16  27  110  24  7  3  6  86  118  41  38  40  16  0  0  23  24  3  5  49  22  5  22  80  50  6  6  118  118  22  28  47  12  3  15  3  8  7  31  118  35  2  1  55  32  1  1  4  6  1  1
85.3847  225.465  2.39701  1.7097  1  23  104  17  0  0  0  0  27  116  58  5  0  0  0  0  52  107  60  15  0  0  0  0  116  101  8  0  0  0  0  18  10  52  106  50  1  0  0  0  116  116  48  39  5  0  0  13  42  42  45  89  59  6  2  10  98  9  1  3  6  1  12  116  35  27  21  39  23  15  15  27  116  14  6  31  33  17  6  48  57  12  4  46  116  23  6  24  1  0  0  6  35  15  39  38  4  0  0  0  4  20  55  38  116  10  1  1  5  19  22  71  65  14  4  40  107  32  19  44  5  0  0  9  74  12  3  3
42.3259  226.191  2.53575  0.896509  11  0  0  0  0  0  25  105  22  9  0  0  0  15  103  97  120  75  1  0  0  20  45  41  42  48  13  6  48  81  33  15  24  0  0  0  0  0  3  90  120  59  0  0  0  0  5  61  120  68  0  0  0  2  41  51  14  19  9  0  2  45  61  19  44  5  0  0  0  0  8  43  120  23  0  0  0  0  2  72  115  53  0  0  0  0  8  46  39  98  19  0  0  0  0  1  48  57  0  0  0  0  0  2  120  119  0  0  0  0  0  4  96  120  1  0  0  0  0  7  35  120  14  3  9  5  0  0
56.1348  225.742  2.5584  1.20408  4  9  68  91  34  13  0  0  44  55  17  32  29  9  4  14  109  57  11  7  16  46  33  67  3  2  0  0  41  94  16  4  10  2  3  13  77  115  71  34  117  117  12  9  37  44  9  24  36  79  26  38  117  51  6  7  17  19  2  2  41  32  4  1  28  4  0  0  3  43  117  50  117  18  0  0  3  30  55  117  26  8  2  1  58  117  61  32  46  65  6  1  14  13  0  0  49  7  0  0  0  0  12  67  107  17  0  0  0  2  24  54  46  27  4  0  0  7  20  14  62  84  7  1  3  1  0  0
57.3744  203.115  5.15991  0.427766  6  52  12  0  3  54  0  0  20  127  19  0  0  3  0  0  14  126  32  0  0  0  0  0  6  24  54  30  6  9  5  2  57  29  2  0  0  1  2  47  127  127  27  1  0  0  0  24  29  127  100  32  14  1  1  5  30  71  70  57  5  0  0  0  90  1  0  0  0  0  2  42  127  44  3  0  0  0  3  127  89  70  35  22  23  9  12  58  35  94  27  13  2  4  28  8  49  84  5  0  0  0  0  5  127  127  7  0  0  0  0  12  85  69  36  1  0  8  12  18  24  28  18  1  0  8  27  11
119.114  169.862  2.01021  -1.35995  106  28  0  0  0  0  1  38  65  91  2  0  0  0  0  21  78  81  18  10  13  1  1  2  3  5  33  64  45  1  0  0  54  1  0  0  0  7  34  137  154  62  2  0  1  0  4  123  61  64  8  5  23  13  5  3  5  28  19  14  22  8  4  1  104  4  0  0  0  13  25  34  154  22  0  0  2  4  3  55  82  36  0  1  25  23  4  14  15  35  3  1  39  36  0  0  99  8  0  0  0  0  3  17  154  11  0  0  0  0  15  154  60  12  0  0  4  8  24  132  14  22  1  1  30  27  8  7
120.922  176.812  1.99005  -1.49835  10  0  0  0  0  11  32  30  147  31  0  0  0  1  7  78  137  71  6  2  11  12  2  6  4  25  6  3  10  10  4  1  51  11  0  0  0  2  16  12  147  91  0  0  0  0  2  38  147  42  0  0  7  17  9  39  14  44  2  0  19  32  0  0  57  36  1  0  0  0  0  4  147  30  0  0  0  0  2  147  111  9  0  0  0  4  20  147  21  20  2  0  18  37  18  25  25  46  5  0  0  0  0  1  54  42  2  0  0  5  5  40  40  2  0  0  0  9  38  147  62  6  0  0  0  2  16  126
108.582  168.235  1.98532  -1.63359  19  0  0  6  8  2  0  9  88  36  1  0  0  0  0  12  14  106  31  0  0  0  0  0  0  30  88  34  0  0  0  0  25  7  1  7  1  0  0  19  132  96  3  0  0  0  0  32  44  132  25  0  0  0  0  10  19  132  77  14  3  0  0  0  14  1  0  0  0  4  27  51  132  14  0  0  0  3  22  132  132  132  13  0  1  0  0  56  37  101  14  3  13  7  4  2  8  2  0  0  0  4  31  25  132  93  0  0  0  2  13  25  132  132  5  1  5  14  3  7  5  35  10  2  12  22  5  1
67.7211  220.85  2.09722  0.983729  29  38  13  10  12  21  20  21  76  17  5  37  77  46  6  8  121  61  6  23  33  14  5  26  2  4  3  43  121  27  1  0  6  0  0  0  5  28  72  51  58  4  0  0  47  76  20  62  121  26  4  6  16  51  55  121  1  1  2  15  83  103  18  4  7  22  17  4  4  5  9  13  66  28  5  28  42  19  2  12  121  121  24  38  15  6  4  30  4  10  13  93  88  16  1  1  0  25  72  31  43  2  0  0  44  4  3  15  70  23  2  28  121  15  2  5  16  28  26  121  7  1  1  11  85  91  18  14
33.1681  58.2999  2.73032  -2.18116  0  0  0  0  5  7  4  0  134  3  0  0  1  1  0  5  185  7  0  0  0  0  0  8  56  1  0  0  0  0  2  9  0  0  0  0  2  15  22  2  167  3  0  0  0  3  8  25  185  10  0  0  0  0  0  15  64  6  0  0  0  0  2  8  4  18  1  0  0  4  20  3  185  24  0  0  0  0  3  8  185  17  0  0  0  0  0  8  53  2  1  0  0  0  7  11  4  5  0  0  0  0  1  6  165  4  0  0  0  0  0  8  185  4  0  0  0  0  0  10  39  2  2  0  0  0  1  13
112.732  175.28  2.69686  -1.50324  6  0  0  1  3  1  5  30  107  24  0  0  0  0  0  23  81  132  11  0  0  0  0  11  13  81  76  23  9  0  0  0  4  0  0  5  14  3  12  49  93  5  0  0  0  0  38  116  150  91  0  0  0  0  2  83  36  63  9  17  13  2  1  0  1  0  0  1  28  30  15  10  150  23  0  0  0  1  29  37  150  61  0  0  0  0  1  74  37  29  3  1  12  14  1  15  3  14  3  0  7  14  0  0  103  53  1  0  0  0  0  16  150  12  0  0  0  0  5  150  40  9  0  0  4  8  16  125
81.9696  209.308  2.73975  1.50769  2  95  7  0  2  3  0  0  31  118  52  1  0  0  0  1  118  50  44  16  3  0  1  118  47  6  13  102  49  2  2  67  46  118  1  0  0  0  0  0  118  118  38  6  1  1  3  15  60  34  62  72  52  24  10  68  81  3  5  29  42  23  55  118  106  43  1  1  0  0  0  16  94  33  4  4  4  7  36  56  9  2  1  6  50  80  88  29  63  5  4  10  29  16  38  99  91  7  2  11  4  0  0  48  27  9  4  13  26  5  8  32  6  61  13  7  22  9  16  2  12  29  26  47  23  2  5  21
86.2165  225.757  2.55224  1.24738  5  21  4  0  0  11  9  0  70  117  12  0  0  0  2  3  117  90  29  3  0  0  0  2  86  14  0  0  0  1  14  68  9  87  61  0  0  0  0  0  117  117  39  5  0  0  0  7  61  72  79  90  37  1  2  10  12  1  1  10  15  22  35  14  11  108  97  13  0  0  0  0  117  38  54  38  4  0  0  59  116  11  7  78  104  5  2  53  0  0  0  43  81  14  4  1  51  46  14  10  6  8  12  19  62  5  11  34  43  32  10  39  102  5  3  23  45  26  25  100  0  0  0  28  96  22  4  1
73.0291  225.675  2.53767  0.886859  3  47  112  44  6  0  0  0  123  123  37  35  8  1  0  4  68  53  25  56  105  26  1  5  10  4  1  9  24  14  32  13  22  30  20  27  35  47  32  24  123  75  6  25  36  27  6  30  73  29  4  34  123  57  6  11  6  0  0  1  63  29  12  2  7  3  1  2  7  48  51  35  123  42  4  5  8  37  26  123  32  13  5  23  106  123  31  37  16  6  0  2  42  28  1  2  12  10  26  22  31  7  1  5  123  85  9  13  15  9  6  39  23  23  11  55  115  42  6  9  19  7  4  8  25  5  0  2
76.6938  233.406  2.53818  -2.16956  1  0  0  8  83  26  1  1  63  27  0  1  6  2  0  21  49  50  22  46  58  29  12  37  7  20  11  55  77  23  1  3  1  2  2  8  86  8  0  0  118  40  2  2  3  0  0  10  118  64  20  41  111  27  3  34  28  37  12  49  118  25  3  15  0  6  40  46  42  1  0  0  85  39  34  6  3  0  0  15  118  27  2  17  118  39  12  51  13  1  0  9  118  60  36  44  0  6  56  118  58  3  0  0  10  2  18  17  54  32  11  21  23  0  0  0  44  118  93  71  0  0  0  0  59  118  51  3
57.2021  226.027  2.58322  0.78922  6  2  2  0  3  25  41  42  118  32  1  1  6  41  25  72  76  26  3  10  65  99  37  54  3  1  0  1  62  54  1  1  6  10  53  34  43  11  2  5  118  118  11  12  19  12  5  34  51  58  20  66  118  56  11  16  16  7  2  10  51  20  0  0  6  0  11  18  96  118  31  10  118  11  0  0  13  46  41  118  37  5  1  5  59  118  67  57  31  21  11  2  13  16  2  7  6  0  0  0  4  78  84  10  92  0  0  0  1  24  32  100  43  0  0  0  1  41  41  51  77  9  0  0  0  0  2  23
43.0067  226.824  2.46178  0.271462  2  0  0  1  3  32  113  104  28  4  0  3  17  113  96  12  113  113  13  1  4  20  19  26  19  67  31  16  54  62  21  9  2  0  0  0  0  5  85  85  113  45  0  0  0  19  57  38  113  39  0  0  0  16  90  67  16  9  1  1  10  80  93  18  25  1  0  0  0  0  39  57  113  11  0  0  0  0  14  113  84  29  0  0  0  8  49  58  59  41  2  0  0  0  8  5  39  37  0  0  0  0  3  5  112  62  0  0  0  0  0  15  95  53  0  0  0  0  8  32  71  72  0  0  0  0  2  25
56.7188  203.245  3.37268  -0.830372  36  34  1  0  0  0  3  27  15  79  54  1  0  0  7  37  3  10  90  18  0  0  35  29  1  3  45  9  0  0  25  22  123  34  0  0  0  0  0  8  123  123  73  12  2  0  0  12  13  34  123  102  52  4  1  3  1  5  108  43  9  1  4  10  123  10  0  0  0  0  0  14  123  21  4  3  5  6  24  123  24  9  6  21  122  60  47  49  26  34  12  9  24  6  5  17  45  104  25  0  0  0  0  2  54  120  63  0  0  0  10  57  12  46  101  46  7  16  26  26  40  39  57  20  2  3  4  17
56.9192  203.112  5.13167  -0.722471  32  22  17  0  0  0  0  35  39  69  60  0  0  0  0  18  22  64  53  0  0  0  1  6  63  20  3  1  0  2  21  72  111  12  0  0  0  0  0  28  127  127  57  5  1  0  0  21  13  38  127  48  11  2  1  5  1  2  48  95  21  7  20  12  117  29  12  6  3  0  0  12  127  74  9  3  2  4  7  104  39  49  57  25  33  24  13  34  9  31  40  115  64  0  0  0  18  123  69  20  7  0  0  0  93  127  29  0  0  0  1  12  34  73  71  3  0  1  25  27  5  26  44  73  31  2  22  17
108.613  168.456  1.9732  -2.32429  37  8  0  2  1  0  0  14  40  64  3  0  0  0  0  4  2  124  29  0  0  0  0  0  1  100  80  4  0  0  0  0  47  6  2  15  3  0  0  14  132  109  8  0  0  0  0  26  20  132  47  0  0  0  0  3  36  132  21  0  0  0  0  1  16  2  1  4  1  22  22  23  132  40  0  0  0  3  10  132  132  132  40  4  3  3  0  24  19  60  31  9  7  3  0  5  24  15  0  0  0  21  29  7  132  132  0  0  0  3  4  22  132  94  1  1  4  12  2  14  4  36  4  2  10  19  0  0
84.7293  249.613  1.8617  -0.633691  8  19  3  0  2  2  3  12  4  22  9  6  7  2  1  0  4  70  94  28  0  0  0  0  2  20  65  55  0  0  0  0  4  0  0  0  0  0  5  44  108  45  1  0  0  0  3  28  133  133  100  63  25  10  5  23  7  19  66  133  133  31  3  2  5  4  0  0  0  0  3  22  133  10  0  0  0  0  2  52  133  16  1  4  21  70  107  133  3  2  1  11  128  133  53  11  5  38  1  0  0  0  0  0  33  43  1  0  0  3  3  11  14  1  0  0  1  33  80  40  2  0  1  0  2  51  36  3
81.6918  220.478  2.12188  0.0972639  0  3  121  16  0  0  0  0  14  46  77  32  0  0  0  0  41  128  71  14  0  0  0  0  12  35  67  90  11  0  0  0  4  25  122  39  5  2  2  2  65  19  38  117  53  2  0  2  128  91  17  17  15  3  2  33  19  15  18  90  119  9  2  6  7  6  11  7  8  20  76  35  48  4  2  24  100  53  18  9  128  29  3  7  13  5  7  68  26  9  4  57  111  32  10  13  5  6  17  2  1  3  27  20  17  2  1  7  55  20  7  19  128  17  2  2  10  6  14  119  16  8  7  24  38  55  23  24
66.6282  220.774  2.12919  -0.113757  10  4  7  4  3  10  56  54  26  11  2  19  84  60  22  4  126  84  3  5  18  5  2  6  35  15  5  29  109  27  3  4  11  6  23  9  6  6  21  31  58  8  0  2  60  55  11  25  126  53  2  3  6  14  23  114  17  9  3  20  99  96  32  20  0  2  29  42  63  28  3  0  73  29  0  4  75  36  0  8  126  124  18  23  11  6  9  44  4  9  11  60  77  47  14  7  0  0  0  0  27  75  71  4  58  2  0  0  15  58  15  46  126  15  2  6  8  18  25  126  4  1  1  19  65  89  26  15
54.2061  208.055  2.02323  -1.60561  105  19  0  0  0  0  0  22  135  102  7  0  0  0  0  29  43  97  53  40  48  1  0  0  1  2  10  24  67  18  8  9  108  36  0  0  0  0  0  8  135  66  0  0  0  0  2  21  107  34  2  10  135  28  11  9  6  2  0  6  135  18  2  5  104  27  0  0  0  0  0  10  135  14  0  0  0  0  25  116  31  1  0  0  47  67  119  62  6  14  9  12  76  31  7  2  45  27  2  0  0  0  8  21  33  18  7  0  0  0  23  100  3  6  21  3  1  6  80  62  2  9  14  5  2  8  62  19
111.538  225.569  2.58793  -1.45187  0  0  0  4  107  15  0  0  42  19  0  0  17  1  0  2  48  121  68  7  0  0  0  0  1  48  110  35  0  0  0  0  0  0  22  121  62  8  0  0  121  32  7  34  16  0  0  3  121  121  48  17  2  6  20  50  18  51  84  86  15  29  43  11  0  0  14  106  108  49  4  0  58  15  23  65  25  0  0  13  121  7  2  0  0  7  83  121  11  9  8  1  3  39  121  23  0  1  40  61  17  17  2  0  3  0  43  107  6  0  0  2  38  2  12  31  2  0  4  44  43  13  10  0  0  5  18  39
101.862  170.197  2.649  -2.29133  2  14  27  32  1  0  0  0  27  71  11  2  0  0  0  1  10  92  48  0  0  0  0  0  0  68  111  0  0  0  0  0  10  4  11  22  7  1  5  14  90  17  3  14  6  0  0  16  119  150  12  0  0  0  0  7  14  150  60  0  0  0  0  0  1  0  0  3  3  1  24  70  63  6  1  6  2  12  31  52  150  119  5  0  0  1  5  95  76  150  34  2  0  0  0  2  0  0  0  2  15  12  27  33  79  23  0  0  0  11  50  32  150  121  0  0  0  1  4  66  79  38  5  1  3  4  5  28
94.8551  238.069  2.57742  0.656768  10  1  0  10  44  65  9  3  89  51  0  0  3  11  0  3  75  86  1  0  0  0  0  5  89  117  72  26  5  2  3  28  34  10  0  2  25  69  20  11  117  30  1  0  0  1  0  9  110  55  5  0  0  0  2  37  117  68  24  14  7  16  117  117  81  114  20  0  0  5  6  6  100  79  91  23  0  0  0  17  43  8  9  8  1  20  21  33  1  0  0  0  0  39  93  38  117  74  21  1  0  0  0  33  56  39  65  94  7  0  1  52  2  1  9  106  26  11  6  4  0  0  0  8  11  20  6  1
87.3048  226.006  2.66378  0.373587  2  9  4  0  0  18  108  14  31  78  13  0  0  23  53  11  81  85  28  2  0  1  1  1  61  55  7  0  0  0  0  3  7  56  99  2  0  0  1  0  118  118  63  8  0  0  0  6  54  81  118  111  17  0  0  6  40  11  7  14  5  9  23  15  8  45  118  44  9  3  1  1  118  33  30  45  17  2  0  81  97  14  12  116  74  5  5  64  0  0  0  54  72  16  11  1  7  9  9  10  16  24  54  17  49  0  1  15  50  23  11  74  80  4  3  17  31  21  26  118  3  1  4  48  77  14  3  1
74.0663  225.778  2.5969  -0.0729287  2  8  90  89  17  2  0  1  88  128  60  37  11  0  0  0  29  86  103  111  50  2  0  0  29  66  17  27  11  0  2  4  10  4  8  23  43  52  43  23  128  71  3  12  32  19  2  20  81  26  6  38  128  27  4  8  8  4  1  8  54  13  30  14  14  3  10  11  40  27  14  14  128  41  2  3  15  17  12  87  41  13  4  22  115  103  23  33  0  0  0  1  52  33  10  1  12  1  2  9  45  60  15  8  128  39  4  6  9  12  11  90  25  12  5  36  98  60  16  23  2  2  2  3  33  16  1  0
58.6707  201.503  2.80976  -1.36257  34  45  0  0  0  0  15  13  25  127  59  0  0  0  11  3  1  84  117  2  0  0  4  1  2  37  77  18  7  2  2  1  127  52  0  0  0  0  0  25  127  127  34  14  5  0  0  19  13  39  52  66  82  7  9  5  11  19  8  6  16  9  25  11  127  5  0  0  0  0  0  44  127  15  2  7  11  5  10  117  39  7  4  55  127  33  20  23  79  45  9  12  25  2  5  12  88  2  0  0  0  0  0  21  113  3  0  0  0  3  32  127  8  10  14  2  21  39  91  46  22  30  29  2  5  9  43  28
58.6707  201.503  2.80976  1.52789  7  15  33  46  46  29  15  5  22  26  62  27  10  14  20  5  2  11  52  121  61  16  13  1  0  0  0  26  98  22  2  0  12  3  5  7  39  78  27  14  133  51  15  8  17  16  3  10  39  23  24  61  133  44  1  4  0  0  0  10  133  33  0  0  13  11  18  17  5  14  19  9  101  14  7  7  6  31  59  48  18  0  0  5  133  133  40  17  0  0  0  11  133  54  0  0  2  0  4  2  0  23  118  20  0  0  4  3  0  34  133  11  0  0  2  3  13  133  64  1  0  0  0  4  34  73  0  0
58.3169  226.148  2.58321  -0.282159  4  2  15  17  14  20  17  28  123  44  0  0  14  43  12  22  123  67  3  2  65  50  18  26  2  1  0  2  97  58  9  5  8  2  6  20  57  83  24  4  123  123  6  4  17  20  4  29  74  50  12  28  95  82  28  27  0  0  0  0  53  75  7  0  22  0  0  0  2  60  84  32  123  21  1  1  2  20  34  123  35  9  3  13  82  123  71  48  4  5  4  3  31  32  5  1  15  0  0  0  0  3  51  50  92  0  0  0  0  12  37  123  34  1  0  0  0  46  65  48  32  10  6  2  0  2  2  10
49.7356  232.24  2.51617  -2.34714  0  9  70  63  0  0  0  0  5  74  119  9  0  0  0  0  15  47  119  42  0  0  0  0  82  44  26  7  0  0  0  14  1  17  93  89  0  0  0  0  88  86  85  18  0  0  0  3  89  79  119  82  2  0  2  14  18  10  119  119  25  1  2  14  0  4  37  46  5  3  0  0  50  14  33  33  6  5  1  13  112  25  17  11  4  4  49  119  34  17  56  119  41  12  38  43  0  0  5  101  20  6  1  0  2  0  1  26  11  11  2  5  23  2  0  1  0  0  9  65  63  9  7  5  1  0  14  119
47.8736  203.889  2.57315  -1.52782  30  14  0  0  0  0  0  3  82  114  0  0  0  0  0  2  34  138  55  5  0  0  0  0  0  28  95  16  7  1  1  1  57  10  0  0  0  0  0  6  138  39  0  0  0  0  0  37  138  123  22  18  27  1  0  12  6  13  18  39  138  11  5  4  65  14  0  0  0  0  0  1  138  19  0  0  0  0  0  24  138  9  0  1  23  21  37  108  9  6  1  10  138  45  24  9  56  3  0  0  0  0  0  9  114  18  1  0  0  0  0  38  45  22  12  0  0  4  46  125  2  10  27  3  7  18  64  18
34.3476  58.1146  2.75166  -3.04296  4  0  0  1  4  3  2  1  176  2  0  0  0  0  0  23  176  0  0  0  0  0  0  40  35  0  0  0  0  1  2  13  2  2  0  0  0  5  24  8  176  1  0  0  0  0  4  51  176  0  0  0  0  0  0  50  53  0  0  0  0  2  6  12  4  9  2  0  0  0  6  6  176  3  0  0  0  0  1  22  176  0  0  0  0  0  0  46  54  0  0  0  0  0  2  20  2  1  4  1  0  0  1  4  141  1  0  0  0  0  1  14  176  0  0  0  0  0  0  37  52  0  0  0  0  0  2  19
83.2389  210.894  3.12658  1.64685  64  2  0  2  45  18  8  111  97  37  10  0  0  0  106  126  3  14  31  14  6  60  126  17  1  4  15  11  7  74  126  6  103  12  0  0  34  19  0  23  126  93  12  2  0  1  23  66  22  36  37  57  49  34  43  12  27  29  45  29  16  16  18  2  122  7  0  3  12  2  0  3  126  10  0  0  0  3  15  96  26  5  5  6  39  67  34  39  118  17  7  6  18  15  4  20  73  1  0  5  16  3  0  15  122  1  0  0  0  0  7  64  29  6  6  4  2  11  38  34  20  3  3  2  2  28  63  18
72.3818  227.114  2.15296  -1.22851  15  1  0  0  6  26  25  58  122  81  0  0  24  47  11  4  122  69  8  16  89  49  6  9  14  38  6  17  78  18  0  3  26  5  6  23  24  24  5  8  122  122  5  5  8  17  7  38  56  58  11  39  122  68  10  14  10  3  0  1  49  25  9  30  25  25  1  16  76  47  1  3  122  98  9  7  14  16  26  79  24  4  2  9  80  122  54  35  2  0  0  2  22  32  15  26  85  39  0  0  16  31  20  15  111  117  19  31  55  6  2  10  0  1  3  20  105  34  4  0  3  1  0  2  6  10  7  3
119.993  156.327  2.10764  -1.56751  126  109  0  0  0  0  0  21  79  72  14  6  17  3  5  34  95  79  25  9  2  0  1  4  33  8  11  27  5  0  0  41  126  45  0  0  0  0  0  44  126  89  23  1  1  0  2  55  67  66  53  14  5  6  5  13  25  5  8  66  6  0  0  18  126  27  0  0  0  0  0  11  126  26  0  0  0  0  6  123  50  9  12  8  4  18  29  90  12  2  9  29  8  5  6  70  115  3  0  0  0  0  0  22  99  0  0  0  0  0  1  105  83  7  8  8  0  4  41  126  6  2  9  31  28  39  48  45
108.24  168.529  1.96598  2.65149  11  1  0  9  9  0  0  4  61  25  5  1  0  0  0  3  7  22  55  12  0  0  0  0  0  0  40  50  0  0  0  0  11  2  0  2  2  0  30  31  131  83  11  0  0  0  5  31  29  62  130  16  0  0  0  4  0  0  130  46  0  0  0  0  12  31  4  0  0  0  39  33  131  131  8  0  0  0  6  78  93  131  119  14  0  0  0  17  0  13  131  21  0  0  0  0  32  123  28  0  0  0  0  4  105  131  21  0  0  0  2  36  23  131  72  10  5  17  20  14  7  18  65  21  9  16  3  1
53.4982  208.054  2.03837  -2.25308  53  76  4  0  0  0  0  4  62  130  15  0  0  0  0  4  23  130  58  29  27  0  0  0  0  2  17  31  83  12  4  3  128  20  0  0  0  0  0  28  130  87  1  0  0  0  3  29  69  66  5  7  85  33  27  5  1  4  5  15  130  23  1  0  108  27  0  0  0  0  0  6  130  14  0  0  0  8  39  95  23  1  0  0  18  82  130  25  1  8  4  3  49  62  36  4  39  22  1  0  0  0  2  10  43  53  12  0  0  3  20  76  3  41  107  4  0  15  63  12  10  97  77  6  0  17  21  2
87.1448  227.032  2.54968  -0.632974  4  25  63  15  0  0  3  2  31  113  45  2  0  0  1  4  90  95  30  3  0  0  0  0  33  56  19  0  0  0  0  0  10  40  113  78  0  0  0  0  105  113  101  42  1  0  0  5  55  70  97  103  12  0  0  2  74  58  14  2  0  0  2  18  17  13  40  69  29  16  25  24  113  27  13  38  31  12  3  95  61  10  14  113  93  4  3  39  19  2  0  19  24  5  33  42  2  2  6  1  8  18  56  30  97  1  1  2  13  20  10  94  80  5  5  48  62  20  20  108  0  0  0  23  84  18  13  2
79.0127  220.405  2.32164  -0.922109  15  40  74  43  0  0  0  1  8  40  64  126  11  0  0  0  27  126  107  46  2  0  0  0  11  62  63  66  5  0  0  0  45  13  9  13  6  7  26  78  59  19  10  66  76  41  21  16  126  82  22  41  41  7  1  24  15  22  16  76  90  5  1  5  5  2  17  6  1  7  38  63  78  4  1  0  9  49  34  35  126  39  4  17  32  10  3  48  8  4  2  38  126  21  6  8  3  4  89  65  10  0  0  3  36  2  11  38  40  7  3  26  126  15  1  4  13  18  19  126  5  1  1  9  85  65  15  14
83.8414  211.926  2.88309  1.29304  73  29  0  0  0  7  75  47  43  91  20  2  6  117  61  17  5  15  17  10  41  117  45  2  41  57  15  3  14  31  6  12  57  2  0  0  0  5  114  117  110  56  14  2  2  86  117  57  17  35  47  56  81  48  8  4  64  6  5  10  31  7  7  66  102  0  0  1  7  2  19  61  117  14  0  0  0  7  29  114  21  8  7  10  58  71  39  33  9  5  19  12  27  35  7  10  68  1  0  3  11  0  0  21  98  0  0  0  0  0  12  80  25  2  1  0  1  26  43  47  0  5  3  1  16  115  16  1
114.233  175.501  2.57931  -3.01512  22  6  2  2  0  0  0  19  57  58  16  0  0  0  0  18  7  116  76  0  0  0  0  1  2  87  126  2  0  0  0  0  8  0  1  2  0  7  35  25  122  18  1  0  0  4  23  126  126  126  29  1  1  1  0  49  15  93  37  6  5  1  0  2  5  9  1  0  0  6  50  17  126  41  0  0  0  4  18  56  126  39  1  0  1  2  48  126  13  22  2  2  5  8  48  67  8  42  13  0  0  0  1  2  72  48  1  0  0  0  9  26  30  4  0  0  0  9  95  126  30  19  0  0  0  1  93  126
66.9802  220.857  2.42174  -1.18133  10  1  11  15  2  6  10  45  20  4  1  1  11  32  42  63  119  88  4  4  18  24  7  3  38  29  9  28  91  25  1  2  6  5  66  119  18  1  0  6  60  9  9  32  35  15  10  19  119  88  3  7  22  17  12  53  15  13  2  12  119  66  10  10  3  0  4  34  63  52  54  60  66  45  1  14  90  49  6  6  119  89  11  12  23  30  21  57  2  0  0  4  62  100  18  9  0  0  0  0  3  23  107  74  119  27  0  0  6  25  42  56  119  54  10  22  67  21  10  36  0  0  0  8  87  28  2  0
58.1548  227.388  2.4735  -1.21846  0  0  12  68  72  27  5  5  123  38  1  7  35  12  3  30  123  34  3  5  49  73  32  55  1  0  0  1  53  67  12  17  11  2  0  0  39  80  98  45  123  123  9  7  21  20  9  24  42  53  14  34  123  49  14  13  3  0  0  0  36  42  7  6  35  0  0  0  0  5  66  75  123  16  1  2  6  15  33  123  32  6  1  9  123  112  45  35  15  14  1  1  32  19  3  1  41  0  0  0  0  0  9  79  123  1  0  0  0  9  27  83  23  8  1  0  1  39  47  21  26  32  5  0  0  3  1  0
113.346  162.053  2.63141  -2.00591  17  98  3  0  0  0  0  0  85  121  2  0  0  0  0  0  102  121  29  0  0  0  0  1  5  64  34  7  2  0  0  0  58  73  0  0  0  0  0  0  121  102  0  0  0  0  0  3  121  55  7  1  0  0  3  33  21  10  9  12  8  2  4  15  70  28  0  0  0  0  3  15  121  12  0  0  0  2  37  57  121  10  2  3  2  6  56  121  14  2  2  6  7  81  58  34  10  1  0  0  0  0  30  23  7  0  0  0  5  28  108  46  2  0  0  0  3  23  121  121  0  0  0  0  4  99  117  68
50.161  221.067  2.59445  -1.42162  50  0  0  1  0  2  21  124  6  1  0  16  49  85  51  69  71  83  4  5  36  40  3  4  103  52  5  3  17  45  27  28  18  0  0  0  0  0  19  124  55  5  0  0  1  26  100  108  124  124  11  7  18  19  14  28  13  34  11  13  96  62  12  5  25  0  0  0  0  0  0  83  124  18  0  0  0  0  6  74  124  21  0  0  7  31  61  73  5  3  0  0  45  85  42  9  7  0  0  0  0  0  3  42  124  4  0  0  0  0  2  85  79  9  0  0  0  5  31  59  19  23  7  0  0  4  11  3
114.899  149.771  2.56157  -1.55342  25  20  0  0  0  0  1  2  130  130  0  0  0  0  0  3  91  130  2  0  0  0  0  6  57  55  6  1  0  0  0  14  59  81  0  0  0  0  0  0  130  81  0  0  0  0  0  30  130  99  7  0  0  0  0  31  32  60  14  11  0  0  1  5  98  56  0  0  0  0  0  0  130  25  0  0  0  0  0  12  130  19  1  0  0  0  4  105  26  10  7  3  1  2  13  51  79  16  0  0  0  0  0  1  130  1  0  0  0  0  0  27  93  0  0  0  0  3  12  116  27  3  3  2  3  14  82  91
59.5564  203.574  2.67808  0.887252  1  6  11  12  6  93  124  3  6  37  34  4  7  92  72  3  0  19  75  56  33  42  47  1  0  0  2  37  85  27  1  0  5  4  16  30  65  42  10  2  124  66  22  3  6  10  5  13  34  42  59  47  124  44  2  3  0  0  0  25  124  26  0  0  5  3  9  16  37  46  7  1  124  11  5  5  4  23  43  48  23  1  0  0  78  124  49  21  0  0  0  5  107  124  1  0  0  0  4  4  3  63  45  0  2  0  4  1  0  71  117  7  0  0  10  2  9  124  59  1  0  0  14  16  15  60  0  0
48.402  204.053  2.53748  -2.21675  20  17  0  0  0  0  3  8  44  128  0  0  0  0  2  6  33  130  41  5  1  0  0  0  0  43  67  27  26  2  1  1  68  17  0  0  0  0  0  3  130  77  0  0  0  0  0  20  130  130  12  8  16  8  6  13  5  18  13  35  130  21  4  1  65  32  0  0  0  0  0  1  130  20  0  0  0  0  0  38  130  5  0  0  4  29  88  105  2  10  5  2  52  85  56  3  69  18  0  0  0  0  0  1  75  60  5  0  0  0  0  23  35  130  57  1  0  3  27  45  6  74  111  8  3  13  19  3
83.4544  209.355  5.194  0.682787  4  0  5  81  97  21  9  25  79  0  0  2  15  9  16  124  50  5  9  14  10  55  61  87  0  0  27  27  16  62  27  0  9  3  3  27  105  124  76  5  124  37  0  0  24  40  9  88  99  11  2  2  6  49  67  57  7  7  9  15  50  83  54  2  39  18  2  8  31  72  27  0  124  47  0  0  0  7  15  49  40  5  0  0  3  47  96  41  10  5  2  5  48  124  77  15  11  25  60  97  21  0  0  0  26  24  23  3  2  12  17  25  0  0  0  0  7  48  81  10  0  0  0  0  25  81  47  0
120.451  173.963  2.09163  -0.87397  38  4  0  0  0  0  16  103  71  32  24  3  0  0  0  88  9  42  130  47  0  0  0  0  0  1  129  104  17  0  0  0  58  11  2  0  0  0  11  53  136  92  4  0  0  1  2  66  56  84  54  8  11  25  11  6  0  3  41  54  81  9  3  0  58  39  12  0  0  0  0  4  136  31  0  0  0  1  16  136  75  28  4  0  2  26  42  121  8  27  50  23  12  22  7  4  27  11  1  1  0  0  0  17  58  3  0  0  0  0  12  107  67  5  0  0  0  1  45  136  19  9  5  1  2  35  43  63
100.359  50.1852  2.59136  -2.44548  1  33  39  31  3  0  0  0  4  30  18  67  16  0  0  0  12  148  46  8  0  0  0  0  10  148  27  0  0  0  0  0  0  5  53  57  10  0  0  0  91  41  14  90  39  0  0  4  148  148  5  1  0  0  0  23  60  52  0  0  0  0  0  6  0  20  92  37  0  0  0  0  45  17  88  148  4  0  0  3  148  26  26  14  0  0  0  43  76  15  1  0  0  0  0  20  0  13  53  6  0  0  0  0  0  6  81  46  0  0  0  0  56  69  67  21  0  0  0  7  47  148  59  0  0  0  0  6
32.4114  60.944  2.70133  -1.57833  44  0  0  0  0  1  3  11  160  2  0  0  0  1  2  7  178  6  0  0  0  0  0  9  27  1  0  0  0  0  1  8  18  8  2  0  0  0  19  45  178  7  0  0  0  0  11  35  178  6  0  0  0  0  0  10  34  3  0  0  0  0  0  8  11  31  6  0  0  0  1  5  178  31  1  0  0  0  0  9  178  17  0  0  0  0  0  5  33  8  0  0  0  1  2  5  14  4  0  0  0  0  0  1  178  2  0  0  0  0  0  6  178  3  0  0  0  0  0  8  17  0  0  0  0  1  8  14
112.879  177.76  2.68151  -1.01325  7  0  0  1  8  10  7  29  73  14  3  0  0  0  0  39  32  32  65  48  0  0  0  4  0  0  31  134  8  0  0  0  1  0  0  0  1  22  22  28  82  7  0  0  0  0  10  134  134  74  46  14  0  0  0  83  7  28  134  134  5  0  0  0  0  17  14  0  0  2  2  2  115  62  12  0  0  0  1  27  134  130  8  0  0  1  5  76  24  36  48  41  31  10  8  16  3  14  50  50  3  0  0  0  71  32  5  5  0  0  0  21  134  8  0  0  0  0  5  134  53  12  9  8  3  9  16  99
54.1884  203.702  2.55023  0.8119  23  85  0  0  0  0  6  3  33  120  6  0  0  3  14  7  10  120  59  37  2  2  2  1  25  11  4  25  2  0  9  16  61  28  0  0  0  11  21  7  120  120  6  0  0  2  5  36  40  108  55  75  40  68  11  14  26  35  38  67  37  16  0  1  81  12  0  0  0  2  13  58  118  14  0  0  0  3  53  120  89  36  1  0  5  87  106  108  45  98  47  9  30  45  11  8  37  0  0  0  0  0  1  57  73  26  0  0  0  0  12  70  120  64  0  0  0  0  20  47  40  27  3  0  6  40  41  25
119.471  223.972  2.50622  1.19747  2  1  0  0  61  71  10  0  62  120  1  0  11  5  0  0  68  124  29  19  13  9  13  24  3  0  1  34  47  39  32  8  28  3  0  0  2  29  42  21  124  124  2  1  7  8  10  54  42  91  15  18  95  121  35  14  0  0  0  23  51  72  64  0  14  0  0  0  0  0  19  48  114  5  0  0  2  12  65  124  17  13  5  0  36  124  120  66  0  34  33  0  4  53  47  0  2  5  7  17  1  0  1  6  43  60  2  0  0  0  7  43  31  124  14  0  0  4  13  14  1  88  78  8  0  0  0  0
72.562  226.949  2.40206  1.2401  73  57  2  0  0  0  4  28  57  48  19  17  9  9  24  45  82  83  22  16  20  33  6  9  113  40  11  12  18  30  6  39  34  5  3  2  0  6  30  50  113  68  3  0  1  4  26  96  80  76  17  13  112  88  12  15  77  2  0  0  31  47  19  106  10  19  80  85  13  1  4  10  113  65  21  13  4  9  16  97  51  13  2  2  65  113  41  47  78  41  0  0  17  26  2  13  30  30  22  44  71  52  9  7  53  113  36  27  55  13  2  7  27  23  7  14  72  34  4  3  60  34  0  0  1  15  5  1
56.202  227.561  2.39074  1.02984  59  109  43  32  11  12  0  4  6  24  42  100  42  19  0  1  100  60  30  11  5  9  12  31  22  10  0  0  15  90  29  18  66  13  0  2  14  63  93  109  95  92  14  8  36  80  29  24  22  79  40  20  97  52  7  5  25  42  2  1  26  28  7  2  46  12  0  0  0  6  94  91  109  23  0  0  1  20  55  109  31  44  2  1  32  95  43  23  19  90  20  7  20  8  0  0  109  19  0  0  0  0  0  44  109  44  0  0  0  0  4  22  38  109  4  1  1  2  5  4  17  49  5  6  40  24  0  0
110.038  161.18  2.99176  0.952781  20  22  0  0  4  7  0  0  126  126  0  0  0  0  0  1  126  126  1  0  0  1  2  11  16  27  5  2  22  71  8  3  59  80  0  0  1  1  0  0  126  98  0  0  0  1  4  20  111  13  0  0  0  56  126  79  1  1  0  0  12  126  126  6  90  63  0  0  0  0  0  2  93  18  0  0  0  19  39  42  7  0  0  0  20  126  99  17  0  0  0  0  8  91  114  10  55  13  0  0  0  0  2  9  9  0  0  0  3  34  25  10  0  0  2  8  34  64  8  0  0  0  0  12  13  9  2  6
118.967  169.947  1.9818  -1.31877  88  9  0  0  0  0  1  46  122  64  3  0  0  0  0  45  42  66  38  32  27  0  0  0  0  1  16  96  48  0  0  0  37  0  0  0  0  0  29  101  159  27  0  0  0  0  3  119  95  42  4  18  25  6  0  2  0  3  22  90  34  0  0  0  75  1  0  0  1  3  17  27  159  13  0  0  0  0  1  48  111  29  2  1  7  10  1  21  4  22  9  19  54  14  0  0  60  11  0  0  1  0  0  6  159  6  0  0  0  0  0  153  101  5  0  0  7  8  4  124  17  33  1  1  23  19  2  3
108.46  168.216  1.97073  -1.36832  21  0  0  0  2  3  2  17  100  32  4  0  0  0  0  13  21  61  79  11  0  0  0  0  0  33  109  51  2  0  0  0  35  1  0  0  1  0  1  39  148  54  0  0  0  0  0  34  99  148  33  1  0  0  0  12  11  73  99  45  31  0  0  0  16  0  0  4  12  3  9  55  134  4  0  0  0  0  18  148  148  78  1  0  0  0  0  88  40  42  10  46  54  1  0  0  0  0  0  0  22  20  17  13  148  6  0  0  0  0  22  63  148  37  0  0  1  3  0  26  23  25  6  10  13  9  0  2
81.6145  209.833  2.58078  1.6288  21  97  1  0  3  6  0  0  90  118  15  0  0  0  0  5  118  48  17  23  22  1  1  76  14  1  3  76  82  4  1  10  96  109  8  7  1  0  0  1  118  118  26  4  2  3  3  14  116  34  34  19  15  25  27  81  34  2  2  56  110  28  33  52  118  15  3  19  10  0  0  6  118  18  0  1  4  13  30  48  26  1  0  1  14  89  73  55  105  17  12  28  19  17  34  69  64  4  3  24  12  0  0  18  67  7  0  3  19  5  5  39  13  33  13  7  16  12  10  5  64  9  7  12  13  9  32  84
56.5191  201.431  2.88673  -0.793698  43  36  6  0  0  0  2  27  24  44  60  5  0  0  2  48  7  6  56  35  1  1  25  40  8  16  29  16  0  0  9  12  123  30  4  0  0  0  0  18  123  122  113  30  0  0  0  15  8  19  123  123  20  0  9  9  3  3  75  58  3  0  7  26  123  38  16  0  0  0  0  15  123  38  17  10  4  4  20  123  22  9  23  72  123  53  41  61  6  5  42  48  24  6  2  23  13  89  87  2  0  0  0  1  41  82  92  1  0  0  9  61  12  33  79  56  19  21  27  36  31  31  16  25  9  2  0  8
56.5191  201.431  2.88673  1.22835  38  2  0  3  25  17  5  11  103  21  10  0  11  10  2  21  17  27  38  11  13  12  14  8  102  43  6  13  21  15  13  46  70  4  0  8  40  5  1  13  122  90  25  2  6  6  10  33  24  56  72  41  117  95  22  15  33  0  1  5  44  52  47  122  57  2  0  4  41  30  7  39  122  6  0  0  5  45  98  122  10  2  0  0  33  122  122  19  15  0  0  0  12  56  72  95  21  0  0  0  29  33  10  25  3  0  0  0  6  49  85  60  0  0  0  0  0  114  69  1  31  0  0  0  0  24  33  46
85.6885  226.765  2.42935  1.63127  34  12  0  0  4  20  11  5  129  71  0  0  0  0  1  14  129  19  1  0  0  1  31  105  5  0  0  0  14  56  129  74  56  78  1  0  3  3  0  0  129  129  15  5  0  0  0  6  46  51  31  44  39  11  13  11  11  0  0  2  13  15  38  38  32  129  5  0  0  0  0  0  129  105  20  2  1  0  0  58  77  9  7  85  90  3  1  46  16  0  0  41  50  3  1  22  92  83  4  0  0  0  0  2  71  52  37  9  6  8  5  22  72  5  4  32  40  16  27  69  8  0  0  35  83  10  5  7
72.2764  226.745  2.32861  -1.70617  38  9  0  12  60  11  1  22  66  19  11  31  84  28  15  64  0  11  12  36  122  30  4  1  12  19  30  5  2  6  2  0  25  2  0  34  101  7  1  17  117  56  28  40  25  11  9  47  11  58  72  122  67  7  2  3  5  49  60  41  50  12  2  3  26  2  0  23  96  10  1  3  122  26  6  11  21  4  1  76  34  13  10  59  122  31  20  34  4  6  3  6  71  105  59  15  7  5  5  32  52  0  0  1  122  18  6  6  7  1  3  37  48  3  0  37  122  61  14  23  0  0  0  3  84  122  44  0
72.2764  226.745  2.32861  1.10163  3  109  104  4  0  0  0  0  113  113  67  8  1  1  0  1  63  64  20  24  83  38  1  3  14  1  1  3  23  22  23  23  51  105  30  15  5  10  13  14  113  93  30  28  15  14  10  21  49  30  3  18  113  55  3  6  55  8  0  0  44  19  2  4  21  6  0  0  1  24  74  44  105  27  2  3  6  33  51  113  21  7  2  9  107  113  24  28  81  44  2  1  21  14  0  1  16  19  15  4  3  5  12  5  113  102  10  12  15  8  6  21  12  19  9  39  97  22  2  3  107  39  2  4  8  0  0  1
56.5667  227.017  2.44626  1.15857  24  12  0  0  2  17  46  32  66  18  1  2  2  28  52  94  29  10  3  13  78  81  22  41  68  25  1  2  26  14  0  2  4  16  28  5  9  13  15  4  117  99  11  8  5  7  12  35  45  43  14  57  117  36  7  13  116  47  2  8  23  3  0  4  5  36  84  42  74  30  2  2  80  7  4  11  45  39  42  117  32  3  0  2  39  92  73  70  117  51  2  1  5  5  2  14  5  5  3  4  54  117  69  6  26  0  0  0  28  69  37  90  39  0  0  0  0  4  43  88  117  7  0  0  0  0  7  86
56.3428  202.701  2.99687  -0.795839  58  38  2  0  0  0  0  25  40  62  50  3  0  0  0  22  10  8  60  28  0  0  10  16  13  24  24  9  0  0  3  7  124  34  1  0  0  0  0  10  124  124  107  25  1  0  0  11  7  19  124  124  21  1  3  4  7  3  67  60  2  0  2  12  124  62  26  0  0  0  0  11  124  48  13  7  3  5  17  124  19  9  20  64  88  61  34  50  7  6  36  59  16  7  1  7  7  104  97  0  0  0  0  0  41  124  61  0  0  0  5  35  13  39  72  67  11  16  14  19  23  47  29  30  4  2  0  1
56.3428  202.701  2.99687  1.21215  20  2  0  2  15  24  12  7  118  25  6  1  3  5  1  17  24  19  37  9  5  7  21  10  92  33  5  8  11  8  15  41  55  2  0  4  15  7  5  17  125  75  15  1  3  3  7  33  34  54  69  40  77  89  25  15  21  1  2  6  33  50  65  116  50  1  0  2  10  27  14  46  116  5  0  0  2  32  99  125  13  3  0  1  22  125  125  29  3  0  0  0  8  71  91  111  25  0  0  0  12  37  15  26  0  0  0  0  4  47  112  48  0  0  0  0  0  115  102  3  32  0  0  0  0  22  42  59
81.1707  220.697  2.06225  0.691746  0  17  21  0  0  8  6  0  29  111  23  0  0  2  2  0  63  131  56  18  4  0  0  0  18  31  57  58  20  0  0  2  0  98  113  4  0  0  0  0  100  75  93  37  2  0  0  2  131  84  9  18  29  1  0  19  10  5  6  59  131  7  0  1  14  102  58  9  7  11  9  4  54  13  34  59  70  36  3  15  131  8  2  7  16  22  13  99  10  1  1  24  113  64  8  10  10  6  0  0  2  20  59  19  20  1  0  2  60  49  15  12  131  19  4  5  11  8  7  72  19  9  7  40  69  35  7  11
67.0294  220.821  2.10611  0.509021  3  84  113  5  1  1  0  0  29  31  91  68  26  4  0  0  126  101  7  11  14  3  0  2  26  14  4  21  126  17  0  0  20  38  16  2  4  23  58  28  42  9  9  19  69  98  19  16  126  41  3  6  14  27  15  81  14  4  2  14  100  94  12  10  4  10  25  6  7  8  38  20  56  10  1  2  64  45  11  17  126  67  6  11  16  20  16  77  9  9  5  31  102  80  13  9  0  8  35  22  42  55  11  0  16  0  0  2  42  79  9  31  66  0  0  0  3  33  38  126  5  0  0  0  16  108  35  25
91.8748  238.46  2.58258  1.13193  2  0  0  44  85  34  6  1  94  24  0  0  14  19  1  5  114  114  15  2  0  1  16  58  37  54  50  82  86  53  46  35  13  1  1  32  114  114  15  6  114  13  0  0  17  14  1  12  106  13  0  0  0  14  54  87  10  0  0  1  27  67  114  61  51  39  0  0  7  114  44  8  114  95  34  7  0  3  2  14  30  5  6  7  6  43  15  16  20  0  0  0  1  20  15  36  114  64  1  0  0  4  2  7  108  70  40  50  8  0  0  26  1  1  7  80  44  6  1  1  9  1  0  5  7  3  1  15
85.9111  226.087  2.64043  1.11532  33  1  0  2  16  118  103  62  56  29  2  1  36  118  26  8  118  33  6  0  0  4  3  17  11  2  0  0  1  33  34  22  17  15  0  0  0  61  54  7  118  118  18  1  0  16  10  8  60  83  71  78  14  3  2  10  2  0  1  26  22  25  5  6  13  114  9  0  1  8  0  0  118  95  29  5  0  0  0  68  94  11  8  82  52  5  9  109  0  0  1  73  76  3  1  1  44  118  9  0  0  0  1  2  23  48  37  24  36  13  5  26  45  1  2  10  25  8  20  118  11  1  3  46  63  20  13  25
75.7637  226.015  2.66282  0.63898  1  32  27  0  0  9  24  1  38  130  40  2  0  2  24  3  34  130  99  38  9  0  3  2  34  32  3  2  1  11  25  12  6  99  130  18  3  0  0  0  130  130  49  19  10  1  0  6  63  41  30  68  130  16  2  4  6  0  1  5  43  23  18  4  13  40  39  18  29  43  28  11  130  12  7  13  28  31  8  80  64  4  1  20  130  60  8  31  8  5  4  4  56  11  0  1  2  6  16  8  26  24  24  8  111  3  0  1  22  25  18  97  40  4  1  11  61  100  38  56  8  2  1  1  17  23  11  27
57.0133  201.197  2.6541  -1.25766  60  41  0  0  0  0  0  7  29  104  72  5  0  0  3  11  1  8  134  26  0  0  13  17  0  0  45  43  1  1  29  19  134  15  0  0  0  0  0  20  134  112  43  13  4  0  0  18  12  24  116  63  39  4  3  1  0  1  44  104  26  5  5  2  134  1  0  0  0  0  0  21  134  11  2  6  17  4  5  88  38  9  3  21  134  26  14  23  5  21  15  26  37  9  10  5  86  6  1  0  0  0  0  25  134  9  1  0  1  3  14  134  19  12  3  2  32  25  37  75  40  41  15  21  17  4  5  25
56.8161  226.344  2.48557  0.347374  9  32  56  19  13  27  23  14  117  73  23  33  22  26  5  10  113  79  6  7  79  54  7  10  0  0  1  7  86  49  7  1  7  2  8  6  17  51  37  22  117  61  1  1  10  41  11  32  84  28  2  8  105  107  15  20  1  2  4  2  57  54  1  0  6  0  6  10  36  117  29  13  117  14  0  0  3  36  50  117  28  5  0  2  38  117  97  57  23  4  4  0  10  20  10  23  0  0  0  0  0  66  93  11  17  0  0  0  0  13  74  117  30  0  0  0  0  26  79  79  26  0  0  0  0  5  44  45
82.4797  210.789  2.93144  1.71346  34  2  0  0  26  87  17  18  134  26  2  0  0  2  7  134  29  12  17  33  5  5  109  134  0  0  19  73  25  18  76  29  59  14  0  19  32  10  0  0  134  101  5  2  0  0  2  29  43  38  16  43  47  17  56  46  0  0  4  33  33  48  123  31  70  5  0  23  65  5  0  2  134  9  0  0  0  1  8  68  47  14  4  7  21  46  33  41  23  30  26  75  55  9  1  0  44  2  3  61  73  2  0  7  134  4  1  0  0  0  1  66  56  19  6  0  0  1  12  45  44  18  3  8  69  27  13  16
78.5434  219.837  1.97301  -0.477725  3  5  91  95  1  0  0  1  2  23  66  125  7  0  0  0  9  112  125  18  0  0  0  1  2  25  72  60  0  0  0  1  8  2  19  33  13  8  40  59  47  25  12  81  86  20  11  4  125  125  61  38  13  0  0  9  12  26  48  125  68  0  0  1  2  4  38  31  5  5  23  33  56  1  1  6  61  29  10  20  125  4  0  7  17  3  1  79  28  4  2  67  122  12  3  13  0  0  18  41  28  19  36  11  20  0  0  10  69  25  4  11  125  6  0  1  8  5  5  97  23  4  2  20  59  41  11  24
72.0112  226.685  2.20679  -0.730551  9  4  2  17  44  33  19  28  122  131  47  22  29  10  0  0  19  44  71  134  94  3  0  0  2  86  50  31  12  0  0  0  40  4  2  12  49  37  4  9  134  61  1  5  25  14  3  34  40  21  5  40  134  34  5  9  17  38  10  14  23  4  8  18  61  12  0  0  24  47  35  17  134  63  4  9  20  19  11  53  13  3  1  15  114  107  18  14  3  0  0  0  11  15  21  45  55  1  0  0  0  4  31  62  134  14  2  8  22  17  17  125  3  1  1  14  97  59  18  10  1  0  0  0  8  11  7  10
86.5983  226.125  2.62138  -0.27672  2  2  32  12  0  1  93  85  7  30  22  1  5  36  118  45  10  39  22  1  1  21  73  8  7  67  38  0  0  7  15  1  2  14  118  97  4  0  2  2  50  118  118  37  2  0  2  5  22  101  118  101  4  0  0  1  20  101  40  7  0  0  1  1  5  5  30  41  26  18  37  23  118  42  18  25  24  9  2  82  68  18  28  118  70  6  3  47  11  11  6  21  30  8  28  14  0  1  40  30  21  14  26  6  65  0  0  10  34  16  6  98  77  0  1  22  54  15  9  115  0  0  0  24  68  13  9  2
86.5983  226.125  2.62138  1.57245  31  0  0  0  0  0  23  82  15  15  2  5  16  9  35  32  2  68  65  13  16  4  1  0  3  57  42  13  26  48  8  0  26  0  0  11  14  2  52  81  125  95  1  0  0  7  48  85  20  108  28  4  14  125  50  8  1  7  16  8  28  125  31  0  17  0  9  70  89  10  11  43  101  14  0  0  4  15  89  125  21  31  27  7  5  125  105  26  15  36  41  16  9  43  4  1  7  1  7  48  125  34  4  6  125  17  0  0  17  1  5  41  88  40  16  11  33  11  5  17  50  6  5  8  32  8  1  20
44.1301  202.604  2.62041  -1.72832  18  6  0  0  3  1  2  7  109  82  0  0  0  0  0  5  86  145  22  8  5  0  0  0  4  47  21  9  16  4  5  2  38  7  0  0  3  0  0  3  145  41  0  0  0  0  0  18  145  96  8  19  54  4  1  13  35  33  7  23  101  6  2  2  34  12  0  0  4  0  0  3  145  23  0  0  0  0  0  22  145  2  0  1  25  30  41  109  25  15  5  4  45  39  42  18  43  3  0  0  4  0  0  4  145  21  0  0  0  0  0  18  73  99  23  0  0  4  26  66  6  145  66  0  0  10  25  5
83.3179  210.863  2.879  1.46139  34  0  1  38  68  8  9  58  121  21  1  0  0  13  62  130  8  14  11  4  5  130  90  15  0  6  21  36  32  98  12  0  36  1  2  35  130  63  4  24  130  52  4  1  6  5  18  89  45  38  26  23  26  24  16  12  33  26  27  45  71  5  0  6  63  1  0  0  83  117  6  2  130  12  0  0  2  4  6  64  48  4  1  2  23  43  16  40  35  1  0  2  60  64  16  29  48  1  0  5  23  14  0  1  130  1  0  0  0  0  3  36  35  1  0  0  1  41  26  21  1  0  0  0  15  129  23  2
77.0748  218.277  2.37669  -1.27966  59  18  16  2  0  0  0  27  24  24  47  115  19  4  3  13  8  81  115  76  6  0  0  0  3  86  83  31  1  0  0  0  44  4  5  5  1  2  19  69  64  11  4  11  11  13  59  100  115  64  30  42  36  8  7  21  17  48  41  43  36  4  0  2  47  33  81  67  3  0  2  12  115  12  25  59  10  0  8  40  115  47  4  15  55  17  6  41  94  19  1  9  67  26  6  44  80  9  17  32  19  8  15  110  56  6  5  53  95  22  9  26  115  19  2  5  31  41  20  83  30  0  0  2  40  55  13  53
65.9305  219.172  2.4067  -1.47136  39  34  30  32  1  1  3  8  38  8  9  23  1  2  15  68  120  67  7  7  15  7  10  17  17  23  21  32  43  12  0  1  120  30  36  69  21  5  2  42  93  15  12  90  73  10  0  10  120  77  3  6  41  31  11  35  85  21  2  3  57  48  8  23  65  0  0  2  17  26  50  120  79  49  1  6  70  61  33  29  106  52  6  8  37  59  25  43  81  0  0  0  23  62  15  58  16  0  0  0  0  1  31  120  120  30  1  1  1  6  28  99  63  30  6  13  100  36  5  17  45  11  0  0  30  15  1  10
49.6033  218.534  2.54685  -1.71543  129  2  0  0  0  0  1  71  112  3  0  2  12  29  31  129  59  54  2  6  46  57  16  13  84  44  2  1  13  45  25  20  75  0  0  0  0  0  0  79  126  7  0  0  0  4  21  129  129  129  11  5  22  21  13  34  14  23  7  5  56  64  14  6  69  0  0  0  0  0  0  35  129  23  0  0  0  0  0  43  129  24  0  0  14  42  43  61  16  31  0  0  32  61  14  2  37  0  0  0  0  0  0  24  129  8  0  0  0  0  0  41  90  30  0  0  0  2  12  29  20  75  2  0  1  3  4  1
59.1584  203.493  2.65048  -1.6533  48  20  0  0  0  9  10  5  87  84  3  2  0  6  4  3  71  21  3  4  1  1  5  44  30  22  20  33  35  6  9  24  106  17  0  0  0  7  17  15  126  122  33  42  4  0  0  3  30  19  24  105  23  0  4  30  100  92  5  3  6  5  9  29  126  2  0  0  0  1  14  44  126  17  5  15  14  14  12  126  62  24  4  51  102  57  13  20  126  82  2  3  22  31  13  18  56  0  0  0  0  0  1  64  64  0  0  0  0  7  25  126  93  72  4  1  12  32  29  54  36  42  6  5  33  39  14  11
48.7731  190.779  2.68023  -1.6837  69  42  0  0  13  3  0  0  75  33  0  0  0  11  14  7  92  104  3  2  0  8  7  3  65  26  3  4  1  0  4  33  74  22  0  0  5  2  10  16  138  22  0  0  0  10  30  24  138  138  33  40  5  0  1  4  27  21  24  103  26  1  2  22  17  1  0  0  1  6  23  21  138  4  0  0  0  1  21  63  138  21  4  12  13  16  14  138  53  23  3  42  91  58  14  22  5  0  0  0  0  10  11  6  79  0  0  0  0  0  1  82  85  0  0  0  0  7  23  138  88  69  4  1  9  28  26  52
113.245  179.564  2.61377  -1.11296  5  0  0  0  3  16  24  17  69  11  5  3  0  0  2  44  21  15  28  114  12  0  0  3  0  0  1  111  31  0  0  2  2  1  2  1  2  5  18  15  113  10  2  0  0  0  1  114  133  52  43  79  3  0  0  44  1  6  34  133  31  0  0  0  0  9  63  23  1  0  0  0  133  56  16  6  0  0  0  16  133  102  23  14  2  1  1  60  10  12  32  133  89  2  2  9  22  20  54  68  20  0  0  7  61  10  8  49  25  0  0  24  133  4  0  0  0  0  1  133  39  5  8  58  35  5  6  51
54.2932  202.281  2.47453  1.07211  85  62  0  0  5  2  0  0  113  110  6  0  0  0  0  2  30  91  61  30  0  0  0  4  97  23  16  9  0  2  4  24  106  70  0  0  0  0  0  6  122  122  5  0  0  3  5  33  57  90  57  50  25  32  13  14  19  38  55  30  27  5  3  6  75  13  0  0  0  0  10  36  122  6  0  0  0  2  52  122  81  11  1  0  3  23  93  122  31  28  9  7  27  26  20  31  15  0  0  0  0  0  22  58  86  8  0  0  0  0  11  99  122  61  0  0  0  0  7  43  47  79  3  2  4  2  5  11
56.3912  200.485  2.6254  -0.740285  52  33  4  0  0  0  0  17  17  47  59  14  0  0  0  4  2  15  104  44  0  0  0  0  0  6  65  33  0  0  0  0  117  44  13  1  0  0  0  7  117  117  100  24  0  0  0  11  8  22  107  117  11  1  0  2  1  9  39  61  4  0  0  0  35  64  117  11  0  0  0  1  117  63  50  10  0  1  7  107  21  12  28  117  73  38  26  63  3  2  49  80  27  5  0  1  0  19  117  109  1  0  0  0  17  62  100  51  0  0  1  15  13  37  49  77  22  13  13  20  6  17  18  51  16  3  0  2
56.3912  200.485  2.6254  1.33894  18  0  0  0  0  2  21  40  105  29  6  0  0  2  4  20  60  61  33  7  4  4  4  13  59  44  6  15  21  10  12  20  90  11  1  0  0  0  1  31  118  90  10  2  2  4  8  24  60  54  36  24  90  89  28  31  61  4  0  1  15  28  53  91  88  1  0  0  0  0  12  73  104  4  0  0  0  26  82  118  20  1  0  0  25  118  118  59  103  0  0  0  3  17  20  118  75  0  0  0  3  10  9  23  2  0  0  0  3  41  77  49  8  0  0  0  0  81  84  31  78  0  0  0  0  1  19  118
84.234  208.464  2.66941  1.70795  6  3  0  36  89  3  0  0  140  37  0  1  9  0  0  30  131  13  2  43  20  1  2  72  21  0  0  46  37  1  1  28  24  6  0  80  140  11  0  0  140  83  0  1  7  2  0  7  92  40  1  3  18  15  24  62  20  2  5  44  35  8  14  34  26  7  3  131  140  0  0  0  140  16  2  6  7  1  4  36  42  2  0  1  14  36  28  52  15  0  1  6  17  31  55  62  5  2  2  129  140  0  0  0  91  5  4  28  12  0  0  21  33  18  11  7  1  3  5  13  1  10  11  33  41  13  24  3
86.9921  225.758  2.50958  1.59535  6  0  0  0  16  71  73  27  141  22  0  0  1  37  28  52  104  13  1  1  0  6  38  59  23  1  1  0  1  12  26  40  25  3  0  14  64  25  2  1  141  84  5  2  3  4  1  10  96  55  20  59  36  3  5  14  65  7  4  10  13  1  3  42  31  25  0  10  98  13  0  0  141  89  0  1  2  0  0  41  141  12  3  80  65  2  2  60  58  1  0  42  54  1  0  44  67  37  0  8  73  13  0  0  141  126  1  0  2  3  1  10  59  20  2  9  28  14  26  65  23  2  3  41  43  5  4  17
59.0839  199.232  2.75137  -1.13723  88  25  0  0  0  0  0  6  70  63  38  11  0  0  1  31  21  8  24  27  0  0  5  42  109  21  1  0  0  0  0  39  137  8  1  3  0  0  0  19  137  87  60  45  2  0  0  17  19  18  71  137  15  0  0  15  52  0  7  42  4  0  4  92  107  19  36  32  1  0  0  13  137  28  7  11  9  6  9  125  33  6  10  104  82  45  19  41  2  0  3  116  57  4  7  22  14  46  74  29  7  0  0  0  69  101  52  0  0  2  7  62  16  29  37  13  6  23  21  38  6  17  17  67  45  2  1  1
55.7364  227.578  2.04583  -1.09903  18  0  0  0  0  7  29  99  118  93  0  0  0  19  18  11  101  126  15  17  57  29  3  2  0  4  33  60  128  21  0  0  78  2  0  0  0  0  2  94  128  96  0  0  3  6  4  27  64  33  0  0  46  128  21  9  8  10  25  11  39  44  7  16  119  0  0  0  0  0  1  60  128  3  0  0  2  13  41  128  13  0  0  0  26  96  67  30  17  0  0  0  2  15  11  43  64  6  1  15  6  0  0  22  103  2  0  0  0  0  16  111  40  8  1  0  0  4  27  32  21  4  2  1  0  0  3  16
55.7682  207.529  2.06372  -1.70285  68  14  0  0  1  0  0  2  146  116  3  1  1  0  0  3  39  66  14  17  58  5  1  0  2  17  11  21  40  11  3  0  98  16  0  0  1  0  0  3  146  38  0  0  7  1  0  11  101  30  1  9  131  9  1  3  36  45  13  17  89  13  1  1  110  19  0  0  0  0  0  2  146  19  0  0  1  4  11  72  51  5  0  0  34  40  55  45  24  5  4  6  61  89  41  12  92  11  0  0  0  0  0  3  129  29  3  0  0  0  10  53  10  114  38  0  0  9  51  27  0  65  120  53  22  21  17  1
87.4488  227.323  2.36017  0.852476  71  2  0  0  3  66  54  33  100  6  0  0  0  0  11  87  24  18  11  3  2  21  63  65  0  13  34  21  15  77  31  2  56  0  0  0  23  11  7  100  118  40  0  0  0  1  8  111  45  82  11  2  1  65  64  10  0  9  19  17  22  118  45  0  85  16  0  0  37  35  14  54  118  49  2  2  4  9  28  93  30  24  1  2  14  96  96  18  15  38  23  21  53  69  21  1  103  104  0  0  20  18  2  5  92  98  3  3  14  29  8  8  36  10  1  2  27  46  18  15  23  10  1  0  32  118  25  8
85.3348  211.613  2.6649  1.22399  12  0  0  9  21  7  23  64  87  4  0  0  0  12  28  124  33  10  0  2  12  123  20  18  23  17  12  22  78  35  2  3  13  1  3  50  116  16  11  24  124  22  1  1  8  9  14  111  54  13  3  13  53  30  12  25  21  1  0  0  80  122  17  20  36  7  7  51  124  40  0  1  124  21  0  0  16  8  4  31  31  2  0  0  43  103  9  18  0  0  0  4  56  124  5  1  40  6  0  0  95  121  4  1  124  11  0  0  3  12  14  22  10  1  2  3  25  101  14  9  0  0  3  10  35  54  0  0
62.8401  219.322  2.35414  -1.43232  125  17  6  7  1  0  0  28  34  14  9  47  22  1  1  15  61  59  24  35  13  0  1  6  1  6  55  93  17  0  0  0  125  0  0  1  1  1  5  125  76  11  0  10  29  24  30  80  125  56  1  7  30  10  4  9  3  12  21  37  36  7  1  0  87  0  0  0  0  0  2  125  125  20  0  0  0  3  18  119  125  24  0  1  17  35  21  24  108  78  25  2  7  20  10  12  68  0  0  0  0  0  0  40  125  9  0  0  0  1  1  58  77  10  0  1  37  36  8  21  125  14  2  0  7  11  8  67
58.6623  204.499  2.36252  -1.60241  54  7  0  0  0  0  0  33  128  81  3  0  0  0  0  7  80  36  7  10  6  0  0  8  9  5  5  78  119  1  0  2  117  7  0  0  0  0  3  36  130  96  14  16  3  0  0  6  46  24  15  49  24  1  2  23  20  33  35  76  41  4  3  13  130  2  0  0  0  1  3  35  130  16  1  6  9  6  7  122  63  48  2  23  56  21  12  25  61  102  12  26  35  2  0  1  68  0  0  0  0  0  0  30  130  1  0  0  0  2  9  130  130  49  0  0  2  9  19  50  55  31  1  2  20  26  14  7
54.5463  204.789  2.07891  -1.91823  52  29  0  0  0  0  3  5  132  112  6  0  0  0  1  5  43  91  42  72  25  0  0  0  53  85  6  20  10  0  0  4  68  13  0  0  0  0  13  26  132  81  0  0  0  4  4  26  96  36  7  26  80  79  6  17  120  51  4  8  33  24  15  21  95  3  0  0  0  1  5  34  132  9  0  0  0  4  9  132  72  77  11  2  13  51  21  73  17  50  18  6  31  28  8  6  64  0  0  0  0  0  0  16  132  12  0  0  0  0  0  63  132  52  1  1  14  19  9  35  14  25  2  2  46  49  4  1
59.7143  203.769  2.35046  -1.62312  116  19  0  0  0  0  0  6  126  33  3  0  0  0  0  14  86  14  4  0  0  0  0  80  83  23  12  6  0  0  0  27  127  15  0  0  0  0  0  16  127  116  37  17  2  0  0  7  105  63  46  44  11  0  0  14  122  48  2  3  7  15  9  27  125  1  0  0  0  0  2  57  127  20  6  8  11  8  8  113  56  23  8  27  57  23  12  38  49  10  1  2  8  31  31  49  44  0  0  0  0  0  7  66  99  0  0  0  0  2  17  127  91  28  3  2  11  9  19  95  28  16  4  6  43  8  1  4
49.1795  189.798  2.58226  -1.82282  11  9  0  0  83  42  0  0  113  63  0  0  8  2  0  0  108  95  9  2  0  0  0  2  76  36  10  4  0  0  0  30  33  12  0  0  71  31  0  1  133  37  0  0  1  0  0  18  133  133  27  23  9  3  0  6  69  70  29  46  23  6  2  7  17  2  0  0  40  17  3  13  133  4  0  0  0  0  3  79  133  16  1  2  9  16  14  133  47  37  8  7  29  26  14  26  1  0  0  0  16  14  7  4  86  0  0  0  0  1  3  62  133  5  0  0  0  0  2  133  98  25  5  2  22  17  7  28
