94  128  
25.8927  12.3746  1.99821  1.41779  0  0  100  75  8  0  8  0  0  2  118  109  29  4  2  0  17  91  78  40  10  0  0  0  3  36  116  37  11  0  0  0  0  0  22  12  1  30  118  14  11  2  20  34  58  112  118  14  118  65  11  10  22  27  8  15  37  27  26  31  106  54  2  2  0  0  0  0  41  58  76  8  42  9  0  0  1  28  96  50  118  18  0  0  0  21  58  90  20  2  0  0  64  118  45  21  0  0  0  0  61  19  1  0  7  0  1  0  5  8  19  34  5  0  0  0  0  10  107  55  9  5  0  0  3  57  54  12
8.64095  21.0943  1.80431  -2.84079  0  35  44  2  9  34  27  2  5  46  32  1  1  16  120  34  3  11  17  13  54  47  92  14  0  14  10  1  24  12  2  0  0  1  7  5  48  102  46  1  36  36  4  0  12  24  80  30  35  94  49  0  1  7  45  21  44  105  30  1  1  3  8  9  0  0  37  120  69  15  8  1  65  7  0  21  19  4  2  57  120  99  52  12  6  5  6  61  26  33  40  35  76  64  27  13  0  0  3  96  120  46  10  0  35  1  4  30  71  5  1  18  120  9  3  2  4  21  63  120  5  2  1  5  62  120  65  18
11.9289  25.9477  2.04277  1.80807  22  0  0  0  117  117  95  60  102  6  0  4  117  83  7  34  40  2  0  46  92  2  7  21  3  1  1  12  22  1  1  2  1  3  1  0  8  117  117  13  42  7  8  4  10  47  47  83  84  9  0  35  55  3  21  78  1  1  0  31  61  10  5  0  4  58  117  20  3  6  14  1  35  44  64  59  21  1  3  6  117  57  9  40  37  5  9  21  4  4  5  74  98  7  4  1  33  36  87  39  31  21  41  49  14  9  44  104  60  7  3  3  48  7  3  21  17  8  51  41  1  0  0  15  47  11  21  10
26.6995  43.2488  2.02872  1.29576  6  0  0  0  35  33  3  10  85  2  0  0  2  4  4  112  48  71  32  1  14  11  6  34  6  57  53  43  39  6  0  1  2  1  0  0  51  17  0  3  111  5  0  0  1  1  0  73  127  59  20  1  4  0  0  82  15  25  15  10  126  57  0  4  1  1  1  1  43  18  0  0  127  51  0  0  0  0  0  14  127  127  0  0  7  15  10  41  14  10  0  1  127  123  4  4  0  0  0  0  14  9  5  1  65  9  0  0  0  0  9  59  67  15  0  0  3  31  106  127  11  9  0  0  57  127  44  11
16.3848  48.277  1.98131  0.202816  5  0  0  0  3  5  12  6  15  8  2  1  0  0  3  6  2  55  71  1  0  0  0  0  3  126  84  0  0  0  0  0  8  0  0  6  6  0  0  2  105  28  1  0  0  0  0  6  129  129  114  1  0  0  6  24  9  116  129  7  0  7  26  10  7  1  0  9  6  0  0  0  115  3  0  0  0  0  0  27  129  9  4  0  0  1  129  129  5  4  11  2  0  37  129  27  3  3  1  5  9  0  0  0  34  83  15  0  1  0  0  8  13  81  129  1  0  1  39  23  2  34  129  8  0  5  54  1
35.6702  51.3343  2.03745  -1.8652  2  2  15  9  100  52  9  9  113  71  1  1  75  35  0  0  118  85  2  6  32  15  1  1  0  2  1  22  118  74  0  0  7  1  8  10  98  118  26  4  118  81  0  0  32  28  4  29  91  45  0  6  31  59  35  16  0  0  0  61  118  45  17  0  16  4  3  9  87  95  34  4  118  35  3  2  11  11  18  82  31  5  2  3  12  88  88  46  20  16  9  46  42  39  18  2  16  2  0  0  1  22  35  23  51  26  3  3  3  7  46  88  27  4  2  6  17  37  58  36  41  7  1  8  9  40  40  22
26.5197  51.6569  2.00948  -1.51713  2  4  9  34  117  10  1  3  50  58  38  14  45  2  0  0  16  42  124  59  12  0  0  0  0  0  26  68  44  0  0  0  3  4  9  22  124  30  9  2  124  42  2  4  52  4  0  4  102  45  28  38  90  17  0  3  0  0  3  66  124  10  0  0  3  5  11  34  124  10  7  3  124  7  1  10  59  0  0  25  121  6  0  37  38  15  4  30  0  0  0  124  101  22  2  0  0  3  9  20  90  41  13  1  113  4  0  7  50  10  2  62  63  5  0  0  17  49  25  60  7  2  4  17  33  61  8  2
42.7142  67.8955  2.03313  -2.8842  10  22  2  0  0  27  108  17  2  20  8  0  0  56  119  2  0  40  54  0  0  35  74  1  0  40  98  1  0  6  33  3  14  2  0  0  0  4  25  5  119  119  33  0  1  1  7  6  40  119  119  10  18  2  1  9  29  81  119  29  20  0  0  11  19  0  0  0  1  1  1  8  119  23  2  1  2  0  2  110  96  16  8  26  66  34  38  91  31  3  1  16  21  41  96  66  11  0  0  0  0  0  0  6  49  2  0  0  0  0  13  98  14  14  8  1  6  51  119  82  3  63  26  0  1  36  93  11
12.3776  78.0115  2.02641  1.49023  0  1  8  67  128  32  14  6  35  7  0  24  121  17  0  7  128  56  2  4  35  3  0  15  25  14  2  6  128  33  1  1  0  0  1  4  63  128  81  3  87  8  0  2  63  82  8  8  128  45  0  0  58  48  4  13  25  8  0  0  128  92  7  14  0  0  0  0  2  64  66  0  104  7  0  0  0  19  8  17  128  3  0  0  40  108  27  48  1  0  0  0  70  117  19  11  0  0  0  0  6  15  15  3  19  0  0  0  0  1  17  45  15  0  0  0  7  52  55  39  0  0  0  0  16  53  8  0
34.8519  78.2244  2.06911  1.57798  0  2  92  100  54  6  11  2  71  4  6  48  53  1  0  0  126  14  2  37  54  0  0  1  16  11  4  52  98  0  0  0  1  6  36  49  126  20  21  5  74  4  0  23  126  5  0  1  126  6  0  16  69  2  2  22  32  2  0  42  126  2  1  5  0  1  18  33  126  47  27  1  60  24  0  8  126  17  0  3  126  30  4  3  23  15  28  34  11  7  6  38  84  20  17  6  0  0  11  38  96  60  22  0  38  3  0  9  87  23  0  28  98  16  16  10  12  3  4  42  11  4  13  14  58  26  4  5
21.2393  78.8806  2.03557  1.5667  0  0  6  20  120  45  11  0  80  28  0  1  59  7  0  16  60  16  13  10  19  17  30  23  13  9  7  26  38  15  8  4  0  0  6  70  120  66  13  0  87  4  0  8  53  12  0  55  120  28  21  19  60  7  0  35  22  5  6  11  95  40  4  13  0  0  3  54  120  66  10  4  119  15  0  13  70  14  1  7  120  41  0  6  115  19  1  6  32  12  0  4  120  25  2  8  0  0  0  0  26  120  42  0  108  1  0  0  10  27  4  17  120  1  0  0  66  75  5  31  5  0  0  0  67  61  19  16
11.8682  102.087  2.02388  1.68525  61  13  0  5  46  33  20  37  8  0  0  2  68  66  43  69  32  0  0  2  110  60  8  41  25  13  2  5  103  52  40  13  56  8  0  1  76  110  62  43  13  0  0  0  37  97  110  53  90  6  0  24  74  39  39  39  11  76  23  58  108  29  12  2  1  0  0  0  8  83  110  19  69  11  0  0  1  40  70  36  110  44  1  4  51  53  24  31  41  42  10  12  54  69  43  38  2  0  0  0  9  31  35  5  38  1  0  0  0  9  40  57  54  10  1  0  13  68  110  57  26  21  16  25  27  40  32  16
31.0375  115.313  1.95496  1.75588  4  4  38  22  10  12  29  9  6  38  70  10  15  23  19  13  8  31  78  48  18  15  9  16  31  20  71  24  6  4  2  26  9  3  22  11  15  18  11  28  33  14  27  5  12  72  45  33  125  96  94  24  1  6  23  49  13  36  125  115  43  40  7  2  43  6  2  25  60  6  1  9  107  6  1  25  122  48  8  17  125  25  1  1  4  54  121  79  9  6  2  9  30  125  125  10  21  0  0  9  57  13  2  21  40  6  1  14  116  14  6  15  46  6  1  1  16  69  55  27  4  36  13  2  12  52  39  1
55.5925  116.667  2.02913  -0.879039  52  31  81  52  28  25  22  24  43  17  28  31  54  94  99  58  4  21  20  9  63  113  55  31  6  5  17  15  5  10  57  69  42  20  19  38  81  80  113  49  33  13  6  52  113  90  49  9  113  113  60  36  30  39  16  41  10  19  42  113  59  6  16  23  35  113  21  12  52  50  9  7  29  71  34  96  113  1  1  3  70  50  31  18  20  0  6  47  5  1  0  9  13  1  6  15  13  37  4  2  7  4  2  6  4  10  3  21  80  11  3  4  1  3  1  2  5  0  0  0  0  0  0  0  0  0  0  0
55.5925  116.667  2.02913  2.01689  0  0  0  0  0  0  0  0  0  0  0  0  0  0  0  0  29  9  0  0  0  1  0  0  16  13  3  4  4  2  0  0  41  2  4  9  4  1  1  17  16  2  6  44  84  41  35  10  115  13  0  0  14  36  48  36  61  19  2  5  15  115  62  16  90  8  25  36  12  14  46  89  37  32  27  24  115  115  90  41  115  73  39  12  36  37  15  20  55  107  72  47  32  76  28  13  8  24  33  73  25  2  10  14  41  115  115  36  10  14  20  7  70  93  98  53  35  12  23  50  38  33  64  54  55  42  44  63
4.17359  116.03  1.95029  -0.298634  0  0  0  0  0  0  0  0  13  13  32  41  14  14  32  5  110  57  37  37  15  8  13  105  11  10  51  79  2  2  23  67  0  0  1  6  0  0  0  0  53  5  5  62  22  17  70  25  123  98  54  56  28  11  23  59  10  8  23  80  79  24  94  62  1  3  24  19  0  0  0  0  42  16  112  123  19  0  0  3  123  39  58  82  25  18  59  96  14  8  8  85  123  38  51  14  8  5  10  1  0  0  4  5  9  9  54  93  25  37  30  10  4  7  65  79  22  54  26  7  16  24  19  56  35  16  15  19
23.0925  121.014  2.03686  -0.219371  7  3  3  44  50  14  21  8  53  17  12  20  10  1  22  34  8  9  62  44  2  2  77  64  22  5  22  22  0  3  52  63  6  12  14  38  21  11  13  6  88  14  11  38  29  2  7  52  132  91  132  90  1  0  3  39  28  41  132  132  19  5  2  14  12  4  2  10  15  27  16  52  102  6  1  31  76  7  6  29  132  48  13  14  5  13  31  132  17  10  29  71  111  132  43  26  1  0  0  0  0  1  1  10  18  0  0  10  8  0  0  7  70  0  0  1  0  10  25  68  1  0  5  16  22  69  31  12
5.24022  4.54065  2.53366  -1.59765  0  0  0  2  3  0  0  0  1  0  0  1  0  0  0  0  4  0  0  0  0  0  0  0  0  0  0  0  0  0  0  0  35  7  21  134  61  11  11  48  85  1  5  129  76  9  1  13  144  2  0  0  1  0  0  34  5  0  0  0  0  0  0  0  30  5  16  35  36  65  144  110  125  29  3  39  111  97  61  8  144  52  0  0  2  0  0  11  6  0  0  0  0  0  0  0  1  28  144  76  5  4  46  5  120  45  47  46  4  5  15  2  144  48  2  0  0  0  0  0  3  0  0  0  0  0  0  0
28.6715  6.13143  2.50117  -0.253584  0  0  0  0  0  0  37  26  31  1  0  0  0  0  6  18  11  1  0  0  3  4  0  0  0  0  0  0  0  1  0  0  24  13  1  0  0  0  59  61  126  29  0  0  2  7  13  70  85  7  0  0  109  126  9  8  0  0  0  0  22  64  63  7  58  114  52  0  0  0  0  3  126  51  106  17  3  16  26  67  23  1  7  23  126  126  45  29  3  4  1  1  41  65  50  8  120  54  28  0  0  0  5  91  22  25  122  58  22  16  44  71  0  0  15  96  126  45  10  1  11  20  14  17  32  9  2  1
35.0805  11.2444  2.64669  -2.98714  13  11  17  4  16  36  24  27  86  42  26  3  5  15  7  51  34  55  120  45  4  15  32  24  0  0  64  120  64  35  15  0  8  13  4  4  22  27  31  29  100  11  0  0  9  12  18  120  67  43  28  31  10  49  119  104  0  1  9  50  86  120  51  0  3  16  28  2  17  14  16  15  120  57  29  1  8  3  0  15  120  79  28  62  40  1  1  16  5  4  28  120  120  7  0  0  0  28  77  0  0  0  0  0  23  52  55  0  0  0  0  0  107  23  2  9  11  0  0  2  4  0  6  40  30  0  0  0
10.7037  16.739  2.41165  -3.00865  0  12  44  11  3  28  34  2  4  12  23  2  4  55  63  22  8  23  21  5  10  21  71  36  0  15  12  2  10  16  4  0  0  0  103  118  82  29  21  0  46  7  1  53  71  33  13  12  103  118  30  2  4  4  11  16  6  63  25  2  7  20  10  2  0  0  12  75  118  118  67  0  50  2  3  30  118  37  0  15  118  30  8  3  12  42  59  94  2  5  5  2  24  118  36  5  0  1  18  112  118  49  13  0  3  9  87  20  28  19  0  2  6  10  115  6  0  8  31  22  0  32  73  0  1  18  14  0
25.3426  18.2233  2.66665  -1.07403  0  3  3  9  20  18  34  16  1  42  36  2  4  44  32  3  26  31  49  13  1  3  1  19  55  77  9  0  0  0  0  28  22  19  24  51  16  2  1  6  113  124  88  43  3  0  0  3  31  98  103  124  15  0  2  7  45  124  28  2  0  25  53  19  40  4  3  17  12  1  1  43  124  34  9  25  11  5  14  105  37  13  10  103  119  99  44  45  15  6  0  4  24  102  124  28  24  2  16  12  0  0  0  24  66  4  2  2  1  12  28  70  4  0  10  13  30  124  55  23  1  8  16  10  19  45  15  2
25.3426  18.2233  2.66665  1.27626  0  0  74  123  20  9  34  4  7  47  115  112  21  9  3  0  13  44  123  52  15  1  0  7  11  5  17  15  28  18  4  17  10  0  5  16  14  49  123  41  123  66  22  20  21  46  59  40  40  42  47  50  123  123  15  8  1  0  3  9  59  80  5  2  16  0  1  0  20  31  36  49  84  3  0  0  0  34  123  123  32  11  0  0  23  123  100  24  11  9  1  1  49  36  3  2  12  23  41  17  8  11  4  6  1  2  41  42  5  2  41  21  47  20  5  5  5  9  20  24  11  4  0  0  32  21  1  4
46.0915  23.5882  2.56895  2.51993  0  0  0  19  7  7  37  28  4  3  13  94  45  12  28  10  93  33  25  30  3  0  0  8  111  59  30  5  1  4  15  29  20  10  22  33  9  3  42  45  118  88  45  31  6  8  41  43  37  26  100  118  10  13  12  16  45  4  14  41  4  14  96  59  29  13  27  32  26  12  21  13  117  28  24  9  5  21  58  95  49  58  22  32  10  42  93  35  8  25  43  118  23  3  6  2  28  6  20  27  2  13  17  24  41  28  12  5  7  53  32  20  118  118  28  3  0  1  12  34  35  64  88  118  35  2  8  27
25.745  24.7135  2.2695  -1.19241  22  1  4  21  26  4  1  26  8  26  25  58  18  4  5  0  18  131  104  13  0  2  1  0  2  31  104  75  5  0  0  0  45  1  3  7  3  0  0  43  86  31  8  48  39  1  0  17  131  131  51  45  10  0  0  17  24  40  45  131  75  4  2  7  22  0  4  14  3  0  0  32  93  12  2  5  8  2  1  45  131  14  1  6  7  13  39  131  15  1  0  31  103  131  63  38  4  1  42  91  4  0  0  2  64  6  16  19  0  0  0  24  44  4  4  4  4  23  43  52  0  0  8  16  13  113  53  8
46.1158  32.1087  2.66373  -1.75088  22  3  2  22  41  90  40  24  12  8  6  110  105  18  2  3  81  69  4  20  13  2  4  6  110  67  2  1  8  23  80  79  19  1  1  2  3  51  110  78  32  3  2  31  59  110  90  27  110  42  12  37  26  23  15  15  7  3  6  60  45  42  106  30  1  2  2  5  5  14  103  32  66  24  2  0  0  45  68  17  110  21  6  17  18  45  93  56  11  6  6  29  46  110  61  17  6  12  4  8  17  2  3  1  37  79  13  5  3  0  1  1  19  30  11  47  95  22  27  5  33  28  6  6  17  18  21  11
20.8028  34.0811  2.46877  -1.62049  0  0  35  18  0  1  2  0  38  10  12  3  0  0  2  4  81  8  1  8  35  35  4  16  7  0  1  10  33  35  24  27  1  9  96  131  99  1  0  0  41  6  8  21  35  1  0  1  93  17  3  34  43  6  0  4  4  68  61  50  45  5  5  1  9  6  8  106  131  10  0  0  40  2  1  44  79  1  0  2  107  26  2  3  26  9  0  16  131  131  42  14  28  5  0  1  6  0  1  93  131  56  5  2  15  6  5  131  51  1  0  0  95  55  3  9  1  0  1  5  131  66  1  1  7  13  43  62
7.93265  34.8654  2.4597  -1.63536  0  2  15  4  0  0  0  0  14  13  6  0  0  0  0  0  19  13  6  13  0  0  0  0  18  1  3  10  0  0  0  9  0  3  27  8  1  6  12  0  87  24  12  0  0  0  12  19  126  61  34  47  36  29  4  19  70  4  13  44  56  44  13  79  0  1  117  83  2  2  4  0  84  27  37  13  2  0  4  7  126  21  3  23  84  81  9  34  13  1  9  36  88  88  57  55  2  16  126  126  126  6  0  0  63  8  8  32  72  3  0  3  126  30  5  45  64  9  0  6  13  126  102  73  72  6  3  0
39.5  38.267  2.44531  0.916854  62  24  30  32  7  11  5  24  12  7  23  25  72  103  8  12  0  2  57  21  33  47  5  0  4  3  19  28  2  9  8  0  6  3  10  29  40  96  20  3  78  67  55  5  22  64  6  8  18  46  126  78  33  6  0  2  0  2  60  126  18  0  0  0  12  1  0  0  13  96  20  5  126  33  5  0  1  18  6  41  63  46  85  35  44  18  5  20  0  14  74  86  69  25  0  0  17  13  0  0  14  36  0  1  126  126  4  0  0  1  0  4  75  105  91  16  29  39  0  0  1  16  26  31  126  83  0  0
41.5754  44.4464  2.20404  2.66718  6  12  1  5  8  15  10  2  44  115  25  1  0  0  0  1  17  60  115  35  0  0  2  18  6  15  115  22  0  0  23  69  54  58  0  1  0  1  3  2  115  115  21  0  0  0  0  14  111  65  63  11  0  0  0  39  52  45  115  61  0  0  2  28  98  20  15  9  0  0  0  18  115  63  30  3  1  5  20  72  47  15  32  12  7  41  73  49  40  1  5  3  0  7  115  110  19  13  77  47  2  1  0  6  37  3  20  24  2  11  63  65  0  0  3  13  3  71  115  9  0  0  0  2  0  24  115  14
30.5003  46.1552  2.61482  1.28237  29  14  4  1  30  24  2  19  49  54  39  20  15  3  3  39  1  34  72  51  28  3  0  0  4  15  26  58  60  6  0  0  24  0  0  0  28  33  3  33  122  41  7  1  2  2  3  99  40  87  61  41  82  16  0  4  38  45  9  44  122  18  0  0  21  4  0  0  36  14  0  6  122  60  0  0  0  2  1  41  108  28  3  2  122  98  3  10  98  51  1  1  99  55  1  1  14  2  0  0  14  10  4  8  117  21  0  0  0  6  44  122  34  13  0  0  49  122  76  44  92  68  1  1  20  27  2  2
21.4956  47.7819  2.58201  1.32122  20  0  0  0  22  15  1  27  125  35  4  0  0  0  1  72  48  50  26  23  105  26  0  5  52  40  4  20  101  21  0  0  29  5  0  0  32  11  0  5  125  59  0  0  1  5  9  59  84  18  0  0  125  125  15  18  125  49  0  0  74  45  1  2  12  1  0  0  15  11  9  13  76  6  0  0  0  6  80  125  44  11  0  0  33  125  125  65  125  79  2  2  12  21  5  10  0  0  3  2  10  4  6  2  0  1  4  0  0  0  20  20  41  2  2  0  0  2  30  56  68  6  0  0  0  8  60  90
38.4153  55.4026  2.61717  -1.93662  79  95  7  1  3  5  3  5  13  17  7  5  110  80  3  3  104  115  5  0  42  32  0  0  20  49  22  38  115  43  0  0  67  33  5  6  19  32  32  34  57  15  1  2  98  115  15  10  115  91  0  0  17  28  21  31  13  7  0  17  115  66  15  2  9  1  0  2  12  37  115  85  82  11  0  0  34  81  50  39  107  12  0  0  1  33  68  73  16  5  3  30  48  48  37  13  0  0  0  0  0  1  27  14  19  2  0  0  0  1  24  65  14  1  0  0  0  10  83  82  12  1  0  2  7  35  74  38
29.7224  56.0346  2.59229  -1.57503  70  40  12  4  9  3  1  25  12  14  12  37  128  19  1  1  52  89  92  31  26  1  0  0  1  7  57  87  65  0  0  0  107  46  6  6  19  4  2  22  55  11  4  21  128  15  1  2  128  48  6  13  49  2  0  6  11  4  5  89  128  4  0  0  114  23  4  4  18  12  10  19  45  3  2  16  128  42  6  13  128  3  0  3  22  26  15  77  9  0  2  60  81  67  10  8  56  2  3  4  8  15  51  50  11  0  1  10  100  72  33  14  67  0  0  0  13  21  28  91  9  0  1  3  5  43  37  27
14.2158  62.3543  2.52784  1.0533  73  20  0  0  0  12  51  123  23  42  0  0  21  123  74  36  85  123  4  2  14  41  5  3  22  26  2  4  31  87  20  5  10  0  3  1  0  1  29  70  123  82  0  0  0  16  39  74  75  113  6  7  27  30  37  29  3  2  1  5  123  123  17  1  11  4  10  4  0  0  0  6  77  3  4  3  0  0  37  123  17  1  0  0  5  69  123  105  21  32  0  0  42  123  54  1  1  4  7  3  0  0  0  0  0  0  5  7  11  12  13  8  8  2  0  0  0  10  62  16  72  48  0  0  0  9  20  11
34.0365  62.2321  2.29475  1.64229  5  11  32  65  38  0  0  0  72  98  44  12  6  0  0  9  14  40  123  53  22  2  4  6  17  1  19  79  66  0  0  0  7  21  26  123  79  0  0  0  123  45  5  33  30  0  0  20  50  39  26  29  54  10  7  12  12  1  2  46  123  5  0  0  13  10  4  44  123  0  0  7  123  8  1  13  94  1  0  35  80  8  5  14  60  27  9  22  8  1  0  12  123  23  0  2  28  0  0  6  123  37  12  15  123  8  0  2  83  14  0  17  69  12  6  24  32  20  7  15  2  0  0  42  123  19  0  2
27.5815  62.8846  2.33403  1.52574  3  19  21  86  81  1  0  0  126  54  6  23  31  0  0  6  38  34  30  23  44  6  6  9  11  1  2  28  127  5  0  0  14  9  3  19  127  12  0  3  127  25  2  4  73  6  1  13  60  17  9  14  79  36  9  9  14  5  0  6  127  35  0  0  26  1  0  0  127  80  14  9  127  30  1  0  54  16  2  11  47  12  5  31  86  50  11  10  16  1  0  15  127  44  0  8  16  0  0  0  22  67  83  24  127  22  0  0  6  11  13  48  21  6  2  21  59  52  24  9  15  1  0  17  114  38  1  2
47.6882  66.9603  2.52983  -3.01465  26  9  5  2  0  1  9  26  29  34  5  0  0  3  129  54  6  47  33  0  0  23  130  9  0  25  84  0  1  24  120  4  1  0  5  5  5  4  11  4  73  23  0  1  2  1  25  12  130  130  93  2  2  1  10  13  19  96  130  10  4  2  5  12  3  0  0  0  0  2  9  4  94  2  0  0  0  0  2  33  130  21  2  1  3  14  64  130  20  13  8  3  6  37  130  67  8  6  2  0  0  0  0  1  34  15  2  1  0  0  0  9  61  79  28  0  0  2  33  62  18  130  68  0  0  7  62  17
22.7744  72.5436  2.60678  -1.58079  52  77  14  17  36  0  0  0  11  33  8  33  106  1  0  0  20  119  78  4  1  0  0  0  0  18  92  79  21  0  0  0  112  24  2  6  81  14  0  6  73  19  1  15  119  16  0  11  119  87  15  2  3  1  1  48  8  15  19  39  119  21  2  6  51  15  4  10  45  10  6  16  70  15  1  34  109  11  1  5  119  71  5  4  6  2  2  31  21  13  6  19  119  15  2  7  71  12  6  10  51  3  1  13  78  5  2  8  113  14  0  4  119  28  3  1  5  5  7  22  13  4  3  11  115  31  6  5
31.0391  73.4791  2.61893  -1.508  73  9  1  8  82  8  0  9  77  12  0  17  90  4  0  20  120  41  5  3  8  3  2  57  13  9  5  22  120  15  2  4  43  12  5  15  47  8  6  18  90  10  2  36  95  8  0  5  120  51  5  5  10  2  2  27  26  9  5  33  120  7  2  5  92  11  7  17  62  3  1  27  93  2  2  19  120  9  0  14  120  16  3  2  6  9  12  55  11  3  3  20  120  44  11  9  76  0  0  2  46  8  3  58  34  0  0  6  120  8  3  31  82  1  2  1  4  7  74  110  2  0  2  9  47  73  79  10
37.0977  73.5583  2.6502  -1.64952  49  18  3  6  20  8  3  10  28  8  1  22  112  17  2  4  124  60  3  4  7  1  0  22  22  16  6  8  90  22  3  11  104  18  7  8  44  8  2  14  65  12  4  11  124  31  0  1  124  66  3  1  6  5  5  14  20  13  6  10  124  34  7  6  124  0  0  0  59  18  3  41  77  1  0  0  124  33  1  21  124  13  3  3  5  7  38  84  8  2  4  12  103  75  41  13  58  0  0  0  19  17  14  63  10  0  0  0  88  49  13  27  18  0  0  0  2  5  103  94  1  0  0  1  13  54  111  13
20.6942  88.0613  2.37822  -1.50477  0  28  49  18  19  1  0  0  38  80  90  11  0  0  0  0  124  126  24  44  62  0  0  0  11  28  8  63  126  0  0  0  11  64  76  10  2  0  0  0  81  62  43  26  44  6  0  4  126  49  6  16  126  13  0  21  54  12  1  28  126  10  0  11  24  31  44  14  1  0  0  3  48  27  22  58  45  6  0  4  126  24  4  17  76  17  11  45  35  6  1  70  126  11  3  6  27  4  2  2  2  5  16  17  19  4  2  14  35  43  19  21  112  28  15  18  35  8  6  39  32  5  7  31  126  13  0  3
44.0976  97.6762  2.53171  2.7993  3  19  74  16  5  13  37  26  119  76  54  5  12  22  17  27  82  65  24  31  49  36  19  39  50  59  7  16  34  19  16  11  1  7  41  16  4  48  79  10  71  38  27  3  0  10  65  53  128  61  32  11  7  8  10  62  7  28  37  39  23  17  12  7  16  24  32  1  0  12  25  8  109  128  45  0  0  1  12  32  80  70  60  5  1  0  33  69  32  33  39  21  5  2  9  22  32  92  128  0  0  0  12  41  38  36  128  32  0  0  22  52  16  12  128  67  2  1  51  54  28  18  35  23  6  12  30  49
51.796  109.326  2.45118  3.13401  0  0  5  10  5  5  16  7  11  3  10  47  35  26  111  64  113  81  15  21  20  23  33  104  52  40  14  43  33  57  25  23  0  0  18  22  5  7  39  2  51  10  29  113  96  65  70  22  113  93  21  33  26  19  17  101  63  41  20  68  46  30  15  24  0  11  32  0  0  3  35  5  22  104  93  3  16  42  64  12  113  44  31  1  7  18  30  113  58  52  15  11  19  13  14  67  0  2  21  1  0  6  21  1  1  17  42  5  9  90  45  1  53  35  3  0  0  31  41  36  73  57  9  2  0  1  15  76
14.6124  111.708  2.41405  -1.4086  1  10  9  16  118  20  3  1  17  70  71  15  37  10  1  10  18  68  72  31  28  4  1  4  0  11  48  61  51  1  0  0  11  15  8  13  68  26  27  21  24  49  40  15  24  92  51  29  87  28  13  19  37  29  14  41  6  39  80  38  48  1  0  1  21  25  6  5  22  44  26  13  14  59  67  17  29  58  19  6  118  73  33  10  7  6  3  16  36  76  67  8  0  0  0  1  11  118  118  3  1  19  13  1  9  118  118  111  118  4  1  1  118  27  13  35  76  2  0  14  75  18  10  5  4  4  1  22
51.6403  113.766  2.64579  -3.12768  0  0  0  0  0  0  16  12  7  2  1  13  105  21  64  34  100  44  9  18  52  38  44  112  44  27  7  21  19  111  56  32  0  0  8  11  5  4  12  4  19  5  20  81  44  28  109  66  112  89  19  33  23  34  41  112  89  46  17  49  30  56  25  32  0  1  11  9  1  4  36  2  45  25  32  80  73  70  88  15  112  71  22  29  31  20  15  106  56  48  15  46  44  21  11  24  0  5  22  0  0  1  11  1  7  71  82  3  6  33  34  5  51  31  19  0  2  21  33  74  54  35  11  8  4  4  12  68
28.7121  120.487  2.65134  -0.265771  16  8  3  16  35  9  28  31  22  17  33  12  0  0  48  92  21  11  22  14  3  2  57  69  15  11  6  4  12  31  16  16  39  8  10  36  33  8  5  16  138  114  131  55  8  1  7  32  44  56  138  138  59  30  10  28  29  22  18  12  67  52  7  21  35  1  1  5  29  9  6  21  138  32  10  10  16  26  34  125  36  16  32  61  138  138  55  45  36  48  48  21  49  66  16  26  1  0  0  0  0  0  0  0  22  0  0  0  0  5  6  13  1  9  10  6  18  31  9  5  3  52  58  31  32  5  1  2
36.9612  123.112  2.54341  -2.86434  0  0  0  0  0  0  0  0  1  0  0  0  0  0  0  0  5  7  8  17  1  0  0  0  2  0  4  44  8  0  0  4  15  1  0  4  16  39  32  87  51  7  3  9  39  113  33  27  125  102  53  72  10  7  20  46  8  14  37  125  119  17  14  13  66  39  10  26  22  24  37  97  77  30  22  56  38  70  23  36  125  26  6  13  18  51  125  104  3  5  21  61  88  125  125  11  70  12  8  17  8  7  26  71  54  20  29  46  25  26  14  39  54  11  10  34  20  17  11  21  0  18  67  24  9  16  21  2
46.9591  32.994  2.84905  -1.85914  57  2  0  1  20  40  80  71  1  1  1  99  115  43  19  9  45  76  8  47  40  3  0  2  115  115  5  1  2  6  33  53  9  0  0  0  0  4  115  114  14  1  0  15  43  112  115  46  92  51  7  19  33  33  20  17  30  10  3  16  45  37  115  61  1  6  2  6  12  4  76  31  57  47  2  1  0  16  91  28  109  25  5  9  18  41  87  58  5  2  2  15  58  89  67  12  2  9  0  2  8  0  0  0  15  78  7  5  6  0  0  0  10  22  8  16  83  29  27  4  20  27  6  5  13  18  26  8
46.9591  32.994  2.84905  2.63582  0  0  0  16  2  0  1  0  27  25  2  18  4  3  15  6  105  117  7  0  0  1  1  0  66  106  94  2  0  0  0  7  1  1  2  66  22  9  33  10  58  32  60  77  14  2  2  3  117  95  17  2  0  3  24  60  62  42  7  0  0  24  117  64  71  15  10  17  6  6  52  48  92  56  107  47  7  8  20  32  35  10  59  76  8  14  43  44  1  0  7  48  9  52  117  14  42  15  12  15  6  8  10  21  81  16  3  3  2  14  72  79  76  103  74  61  3  6  18  12  0  7  54  117  16  1  0  0
15.7957  22.096  4.14591  -0.0172303  0  3  7  0  0  2  41  0  2  3  10  8  3  4  117  23  119  13  0  0  2  4  38  119  61  2  0  1  118  96  6  42  0  11  37  2  2  8  14  0  34  17  40  36  72  37  23  6  119  119  10  8  14  6  19  92  39  37  19  83  119  63  26  36  1  0  1  1  1  8  24  5  18  11  18  28  27  31  36  8  101  25  9  4  3  3  81  119  10  12  7  17  42  42  119  67  0  0  0  0  0  0  23  5  18  20  2  1  0  3  55  10  20  106  81  0  0  0  31  11  5  100  97  13  9  1  15  9
28.4415  40.2599  4.12046  1.18934  10  26  119  71  21  8  3  4  16  27  40  29  47  27  1  4  21  26  115  48  16  3  0  4  0  2  62  100  7  0  0  0  20  8  27  18  36  113  112  83  61  4  4  9  58  119  17  25  119  61  41  29  19  8  2  28  10  46  52  104  75  9  0  0  13  15  12  18  9  21  62  40  84  6  0  0  23  45  11  34  119  23  1  1  18  44  55  112  64  49  2  5  51  66  18  9  1  8  5  8  23  20  2  1  6  0  0  0  22  27  6  27  39  1  0  0  0  4  51  119  70  13  0  0  11  36  52  77
14.6211  55.5025  4.03368  0.430424  1  2  9  4  5  31  28  2  35  40  4  1  0  27  35  7  54  121  24  1  0  10  16  6  10  94  40  51  56  34  5  0  2  2  0  0  0  17  22  2  121  33  0  0  0  5  7  47  121  121  15  0  0  22  79  121  1  59  66  10  31  93  55  4  1  7  5  0  0  0  0  0  106  43  8  0  0  2  3  34  121  121  19  0  0  20  62  103  3  55  35  0  0  96  121  3  0  0  0  0  0  1  1  0  23  4  0  0  0  7  19  46  53  38  3  0  0  14  79  121  4  54  25  0  0  43  71  6
36.9207  67.6586  4.21924  -1.67145  18  51  21  11  32  3  0  0  74  86  41  25  41  2  0  0  21  45  82  110  55  2  0  0  1  12  81  92  17  0  0  0  39  10  1  5  50  6  3  7  110  57  0  6  54  8  0  4  94  44  11  15  110  21  1  11  49  37  35  91  110  6  3  10  38  0  0  0  32  35  21  59  110  6  0  0  29  50  63  107  41  2  0  0  43  105  89  92  24  0  0  20  58  30  88  76  3  0  0  0  3  27  30  36  1  0  0  0  2  32  80  36  1  0  0  0  0  21  104  44  1  0  0  0  1  9  106  35
42.3535  67.3521  4.0403  -3.06471  28  34  0  0  0  1  3  12  42  101  16  0  0  0  30  30  5  24  43  3  0  16  52  6  0  2  36  23  5  18  51  0  31  4  0  0  0  0  6  37  114  110  33  0  0  0  41  67  8  69  121  6  0  12  54  12  0  9  121  42  9  20  39  0  40  4  0  0  0  0  0  11  121  63  6  0  0  0  20  121  26  71  81  4  0  10  121  71  0  5  73  39  32  62  95  0  20  8  1  0  0  0  0  2  121  67  0  0  0  0  2  29  73  93  43  2  0  36  61  32  0  6  42  39  55  117  71  1
42.3535  67.3521  4.0403  -2.09043  29  18  1  1  5  5  12  14  20  60  1  1  44  50  0  0  47  111  32  11  29  23  0  0  1  18  45  90  93  21  0  0  82  7  0  0  6  40  22  51  111  97  0  0  18  62  16  31  72  111  0  0  39  103  17  11  38  90  41  33  72  48  1  3  17  0  0  0  0  27  56  45  64  6  0  0  0  24  100  111  68  6  0  0  2  79  111  111  77  20  0  1  60  50  40  82  0  0  0  0  0  1  4  1  1  0  0  0  0  1  25  29  18  0  0  0  0  0  35  111  8  0  0  0  8  11  84  103
40.8941  10.1877  5.03995  -2.88726  61  26  4  0  0  0  5  47  53  43  43  6  8  45  32  60  15  30  121  109  53  31  4  7  27  10  14  41  48  4  7  16  11  8  1  0  0  0  18  48  121  42  11  0  0  0  52  121  121  48  45  121  121  20  4  101  12  9  48  121  121  4  6  15  0  20  19  0  0  0  1  3  120  120  40  0  0  0  4  17  121  61  8  93  35  0  0  13  0  3  31  107  35  0  0  0  0  2  2  0  0  0  0  0  3  8  4  0  0  0  0  0  4  0  0  0  0  0  0  0  0  0  0  0  0  0  0  0
31.0727  33.3443  5.09194  -1.24031  10  3  25  9  1  0  0  3  38  7  11  2  2  5  7  22  7  50  61  4  10  22  29  7  41  100  58  0  2  4  1  9  7  42  117  76  2  0  0  0  47  26  76  117  10  0  0  4  117  117  80  11  2  24  22  37  14  93  78  6  2  65  117  25  35  24  30  51  29  20  29  37  16  7  21  117  68  52  53  17  49  5  8  29  27  69  53  52  4  0  0  0  36  104  78  25  4  0  0  0  14  100  110  25  0  0  0  1  9  94  117  7  2  0  0  0  10  52  52  25  1  0  0  0  13  24  5  4
31.0727  33.3443  5.09194  1.12  0  1  20  118  47  6  2  0  0  39  80  37  20  4  0  0  0  14  44  36  21  2  0  0  0  0  16  22  6  1  0  0  5  1  42  101  18  18  118  94  6  16  110  92  62  82  33  26  62  44  80  56  26  21  3  10  5  12  99  118  9  0  0  0  3  7  18  17  5  18  90  111  24  2  3  4  17  114  105  55  118  41  9  8  10  31  17  59  38  35  45  72  44  21  11  11  5  10  11  20  14  6  0  1  8  2  4  5  21  37  7  16  69  1  0  0  1  9  31  118  51  7  0  0  10  40  42  84
26.4892  49.6104  4.92805  1.00226  6  4  56  69  33  53  37  37  33  25  44  36  33  34  6  7  10  17  82  118  13  0  0  0  0  0  26  88  7  0  0  0  10  2  2  4  7  68  91  58  118  67  7  2  4  41  20  33  65  56  52  111  61  21  10  9  1  14  107  118  45  10  0  0  8  1  3  4  14  45  6  13  118  8  0  0  1  10  26  118  95  24  4  1  13  55  47  110  11  20  11  11  54  118  5  2  1  0  0  0  2  14  0  1  36  5  0  0  0  3  6  63  45  0  0  0  1  31  101  118  24  9  0  0  3  52  46  25
18.172  65.8047  4.81373  0.321383  11  1  0  0  0  17  37  4  125  123  5  0  0  2  16  26  42  125  50  20  32  27  20  21  0  5  15  85  125  20  1  0  22  17  5  0  0  1  4  3  125  90  1  0  0  0  7  59  75  78  31  8  8  38  80  45  0  4  32  105  104  74  32  0  9  3  1  0  0  0  8  12  125  27  0  0  0  0  36  125  38  38  10  0  0  39  125  67  0  16  22  15  24  73  58  1  4  1  0  0  0  0  1  2  69  12  0  0  0  0  16  89  33  23  5  0  0  0  35  113  2  6  4  4  17  19  15  15
9.25  107.148  4.71166  0.256158  24  5  0  0  0  0  8  23  137  39  1  0  0  0  38  137  52  40  17  0  0  3  70  137  4  7  9  17  66  62  23  16  2  5  0  0  0  0  5  8  137  69  0  0  0  0  19  137  137  14  0  0  0  0  50  137  23  16  6  15  32  19  80  83  0  3  0  0  0  0  0  0  92  82  26  0  0  0  0  8  115  28  22  13  1  2  32  77  137  85  29  29  12  0  17  66  0  0  0  0  0  0  0  0  2  30  53  2  0  0  0  0  16  14  36  21  1  0  0  4  63  2  0  4  2  0  0  19
26.0513  38.27  7.83783  0.484876  4  0  0  0  0  2  7  38  12  0  0  37  96  3  13  127  0  0  2  96  127  6  1  3  0  0  0  8  1  0  0  0  2  0  3  4  2  14  16  34  34  3  0  13  29  15  58  127  22  32  22  127  80  17  36  39  0  0  6  83  38  0  0  0  0  0  1  1  2  18  9  0  127  13  0  0  2  27  40  68  127  81  26  75  40  5  12  51  1  2  6  127  127  7  2  1  0  0  0  0  0  0  1  0  87  3  0  0  0  1  4  62  113  0  0  3  10  14  42  127  0  0  0  43  107  27  23  16
30.508  59.6827  10.4417  0.2353  11  0  0  0  0  2  8  33  64  0  0  7  84  21  17  137  2  0  0  42  137  17  4  11  0  0  0  0  0  0  0  0  12  0  0  0  0  6  21  15  137  75  11  17  15  9  29  121  44  41  22  137  137  7  4  13  0  0  0  7  18  0  0  0  22  1  0  0  0  0  1  9  137  26  1  2  5  7  16  137  52  10  3  32  137  68  32  81  0  0  0  4  55  4  0  0  1  0  0  0  0  0  0  4  94  13  0  0  0  0  3  137  52  1  0  15  64  21  14  98  0  0  0  15  34  2  0  0
36.469  34.1435  2.03558  1.00051  22  11  119  44  1  0  0  5  66  18  23  12  9  24  12  42  2  21  46  11  61  61  6  4  0  10  80  40  9  4  0  0  1  15  90  99  100  84  1  0  32  7  18  26  39  74  10  8  108  76  63  10  14  12  3  18  4  16  76  65  28  4  2  3  0  2  0  1  47  123  18  0  77  7  0  0  10  97  11  9  123  92  18  2  4  3  2  26  6  38  47  59  65  12  3  4  2  7  0  1  24  58  8  0  100  56  0  0  9  20  1  1  123  123  15  0  10  19  0  0  9  26  20  9  83  107  0  0
26.6594  42.2113  2.0458  1.35345  0  1  17  25  85  51  0  0  76  3  0  1  16  21  3  68  77  67  18  11  8  1  2  39  6  26  23  70  79  8  0  0  0  0  0  3  98  104  0  0  124  3  0  0  23  15  1  46  128  54  5  1  31  9  0  57  31  20  4  9  128  60  0  3  11  5  0  4  53  35  2  2  128  37  0  0  27  6  0  11  128  82  0  0  48  39  7  33  51  19  0  0  128  82  1  5  13  3  0  0  28  19  3  10  65  6  0  0  10  5  7  53  69  9  0  0  15  51  90  128  67  37  1  0  30  58  20  9
35.4894  50.8544  2.05529  -1.88317  51  51  19  11  36  25  6  11  74  57  2  8  89  49  2  0  86  89  6  10  100  45  0  0  2  2  1  12  116  69  0  0  28  22  13  15  62  84  29  16  116  86  0  2  57  48  6  13  77  41  0  16  116  64  12  3  5  5  0  28  116  20  0  0  14  6  6  23  86  85  41  16  116  20  1  0  19  34  26  92  25  3  2  21  59  92  40  31  6  13  3  60  116  12  0  0  15  4  0  0  10  39  77  39  42  26  4  2  4  10  44  69  21  1  1  8  10  32  59  38  11  8  1  20  46  45  20  3
30.5942  46.8236  2.61688  1.32991  19  11  29  18  25  12  4  17  51  53  47  14  7  4  1  26  4  11  73  79  30  1  0  1  21  43  72  49  21  1  0  0  12  0  8  17  110  88  3  13  126  35  6  2  6  10  3  69  61  51  30  75  113  18  0  4  69  86  14  30  52  12  0  3  19  2  0  0  63  65  3  5  126  44  0  0  13  11  3  32  120  22  0  2  126  87  3  10  91  36  2  2  62  45  3  6  18  2  0  0  22  19  4  12  116  14  0  0  5  15  47  113  79  26  0  0  31  72  51  43  47  26  3  8  75  39  3  5
21.6244  48.1255  2.52021  1.3162  3  0  2  7  93  95  2  4  121  17  0  0  7  12  2  46  97  42  16  29  82  21  0  7  49  55  7  23  54  13  0  1  11  1  0  0  52  56  7  6  121  51  0  0  12  7  4  30  121  25  0  0  115  99  9  17  98  35  1  1  55  43  3  6  16  4  0  0  25  26  5  13  102  9  0  0  4  9  52  121  93  22  0  0  21  78  94  90  80  44  4  8  66  38  5  9  1  4  2  3  39  18  4  1  2  1  2  0  2  2  19  33  79  2  0  0  0  0  32  118  38  2  0  0  21  73  76  48
30.0605  56.3446  2.27346  -1.58437  119  22  1  2  11  3  1  27  28  16  7  26  106  18  2  7  37  63  81  56  42  1  0  0  4  2  24  78  90  0  0  0  119  47  2  6  13  2  0  12  65  19  4  26  119  12  1  5  119  32  4  27  87  1  0  1  5  1  1  74  119  0  0  0  119  22  0  2  17  6  2  17  56  8  1  16  119  39  4  17  119  4  0  11  45  23  11  56  3  0  0  87  119  22  4  3  106  4  0  2  13  8  12  43  15  2  0  10  86  60  19  26  32  0  0  0  13  18  32  100  0  0  0  25  27  24  32  14
38.1453  56.1646  2.43911  -2.15336  27  59  0  0  22  50  0  0  45  110  9  2  14  24  2  1  16  65  6  3  50  81  3  1  9  94  30  25  38  40  0  0  98  95  1  0  6  31  7  28  48  53  3  2  32  110  43  14  94  110  0  0  24  65  15  11  20  56  1  1  110  110  5  1  42  8  0  0  2  14  71  110  58  10  0  0  20  87  84  55  110  19  0  0  6  27  31  74  4  3  1  6  110  86  17  8  2  0  0  0  0  0  17  31  34  3  0  0  0  0  23  110  16  3  0  0  2  5  69  98  5  5  2  4  44  33  40  12
38.1453  56.1646  2.43911  1.80722  0  28  69  3  0  0  1  1  3  33  88  21  1  0  0  0  9  79  108  22  2  0  0  0  57  14  45  41  8  0  0  2  9  78  89  12  1  0  0  3  35  37  78  99  15  0  0  6  105  76  51  47  27  2  1  35  33  4  15  96  99  1  0  9  57  25  21  4  1  0  8  101  46  31  50  108  52  0  0  17  108  26  7  50  49  2  2  46  20  4  2  63  108  4  2  11  59  1  0  1  11  2  5  108  85  3  0  33  82  2  1  108  63  1  0  27  91  3  2  46  23  2  2  40  103  12  3  17
22.7076  73.6762  2.58477  -1.57073  24  93  29  5  3  0  0  0  24  63  17  55  76  1  0  0  34  119  101  40  16  0  0  0  0  7  60  119  34  0  0  0  56  36  14  5  11  2  0  5  92  23  1  15  119  17  1  13  119  66  12  17  49  10  3  45  31  40  41  60  118  13  1  2  28  11  11  13  9  6  5  6  78  20  1  21  104  6  1  7  119  65  5  17  51  7  2  24  115  21  3  23  100  8  1  3  44  3  1  2  8  9  9  12  88  5  2  10  100  3  0  9  119  20  1  6  43  18  4  29  61  3  0  9  75  31  6  36
31.5191  73.9828  2.5196  -1.53397  48  16  8  6  12  2  0  6  75  11  0  15  108  10  0  16  122  33  3  11  38  9  4  53  51  32  16  26  89  12  1  2  28  9  8  11  9  9  8  9  83  14  2  26  100  4  0  6  122  51  4  16  50  5  1  19  114  9  2  27  111  7  0  10  62  2  1  2  11  11  11  21  105  4  1  17  122  4  0  20  122  16  1  8  48  24  8  63  44  2  0  14  106  54  10  58  31  0  0  0  3  5  33  53  43  0  0  0  97  31  8  53  84  3  0  4  28  31  93  112  9  0  0  6  52  75  73  35
39.8381  22.374  1.79753  0.0614063  16  5  6  11  8  28  5  16  35  18  25  16  15  2  3  40  4  33  65  25  25  4  15  6  4  13  56  47  3  10  23  5  4  10  119  105  4  0  0  4  51  25  92  59  2  0  1  24  100  94  68  13  4  7  7  18  6  19  62  85  49  47  7  4  0  34  119  119  69  90  19  0  7  5  59  119  79  56  12  0  47  14  19  10  3  64  37  20  18  24  24  7  20  90  29  5  1  6  2  1  17  119  119  1  0  0  1  0  18  112  57  0  17  1  0  0  0  82  41  4  119  41  11  0  0  9  6  5
39.8381  22.374  1.79753  2.08288  66  41  43  8  2  5  11  12  20  21  93  58  6  4  12  21  1  0  26  57  6  43  63  12  0  0  9  28  3  35  35  0  111  24  7  5  3  1  18  121  20  9  22  38  17  80  78  54  24  10  39  70  10  19  15  17  0  1  40  103  8  0  0  0  29  39  12  7  10  9  12  52  47  7  3  1  10  60  61  50  126  103  56  10  1  5  8  31  20  44  126  126  4  0  0  2  24  7  8  6  6  25  17  30  50  6  3  2  15  54  14  30  126  33  7  0  0  0  3  126  59  24  49  101  9  5  49  114
27.2921  42.2797  2.02839  0.6292  9  5  4  1  35  43  6  16  86  33  9  1  12  14  2  83  34  74  39  19  10  1  1  29  1  53  50  43  56  11  0  0  0  0  1  1  46  67  3  3  120  6  0  0  7  12  3  101  128  77  14  2  11  6  0  67  14  29  12  10  128  90  0  2  2  1  0  1  62  24  0  0  128  35  0  0  4  3  1  30  128  65  0  0  18  61  41  70  30  21  0  0  123  128  11  3  1  0  0  0  30  26  4  0  36  1  0  0  0  0  20  55  28  1  0  0  2  35  128  105  54  14  0  0  9  63  57  43
29.0133  47.0465  2.69812  0.611833  18  22  21  18  30  22  4  11  22  74  101  13  6  1  0  8  0  26  123  48  24  0  0  0  17  71  44  39  24  0  0  0  31  3  1  2  28  54  6  34  123  56  22  3  3  3  1  74  34  52  53  44  123  43  0  1  81  102  4  17  56  17  0  0  40  3  0  0  38  30  1  11  123  32  0  0  6  28  30  73  78  31  1  1  114  123  28  15  93  67  0  1  45  41  3  2  9  0  1  0  15  18  7  12  34  1  1  0  0  12  91  92  48  10  0  0  4  43  92  91  33  15  0  0  15  78  74  30
34.0945  62.9985  2.56579  1.0955  1  17  29  2  1  34  17  0  22  115  51  2  0  6  0  0  15  49  108  72  27  0  0  0  102  5  6  29  20  0  0  18  5  66  83  50  5  0  0  0  115  78  24  35  5  0  0  4  53  26  16  76  115  0  0  1  72  3  0  26  77  2  1  24  19  70  41  72  38  0  0  5  115  9  10  69  65  0  0  29  69  3  0  23  115  12  1  19  65  1  0  16  115  5  1  26  65  11  1  16  64  7  4  83  84  0  0  21  115  13  3  23  68  2  0  29  86  37  5  19  31  0  0  22  91  29  2  21
35.9753  88.0508  2.30253  -2.42076  23  94  22  0  0  0  0  0  3  36  81  21  3  1  0  0  80  58  16  17  9  7  1  3  44  21  1  3  116  51  2  3  57  34  4  0  0  1  8  14  30  9  11  9  11  53  32  17  116  64  14  19  59  25  7  12  74  26  4  11  116  62  1  2  6  8  5  0  1  29  64  16  63  0  0  0  22  54  54  31  116  9  0  2  105  74  5  38  86  7  0  1  116  97  13  51  0  0  0  3  12  47  79  11  36  0  0  0  0  14  101  74  85  0  0  0  54  90  38  109  2  0  3  2  79  93  24  29
28.7417  68.8351  1.96996  -2.9604  27  16  2  24  48  0  0  3  117  120  22  0  0  0  0  32  13  60  65  23  27  1  0  11  12  7  13  67  127  1  0  0  27  0  0  57  75  1  0  8  127  10  0  2  1  0  0  80  71  25  3  13  31  1  1  29  17  2  1  62  127  1  0  3  12  1  3  47  110  7  0  2  127  4  0  2  11  1  0  49  107  12  1  3  12  11  10  26  4  0  0  37  127  16  5  2  7  1  1  43  127  3  0  8  106  0  0  3  17  1  6  96  49  0  0  0  2  22  89  85  0  0  0  5  71  80  56  0
25.6885  42.9369  2.00177  -0.326691  13  1  0  0  37  33  3  17  80  21  7  1  3  4  5  123  20  46  48  26  34  9  6  30  0  41  84  46  31  0  0  0  2  1  0  0  53  24  1  7  111  5  0  0  0  1  1  108  126  87  31  1  2  0  0  50  12  32  49  34  126  32  0  0  0  0  0  0  33  21  3  1  126  22  0  0  0  0  2  36  126  47  0  0  4  15  46  113  15  4  0  0  126  126  31  10  0  0  0  1  16  10  6  2  18  0  0  0  0  0  14  53  20  0  0  0  0  10  120  126  19  7  0  0  14  96  88  24
28.2375  57.6001  2.16838  -0.996028  69  44  15  10  6  0  1  28  14  19  17  85  117  2  0  1  79  56  36  22  19  0  1  14  4  6  35  84  51  0  1  4  122  13  0  2  16  2  0  53  47  8  1  12  122  19  0  7  122  46  9  4  39  4  2  20  8  7  10  24  122  13  3  5  122  7  0  0  6  12  35  111  46  4  0  1  122  104  44  29  122  26  2  3  24  14  5  24  8  3  1  7  122  44  6  5  2  0  1  0  0  1  35  58  49  3  0  0  4  28  58  41  122  24  2  4  8  5  6  36  2  1  1  22  106  21  4  3
28.2375  57.6001  2.16838  2.26134  83  15  8  8  6  2  1  33  4  6  8  58  123  12  1  3  10  39  80  40  26  0  0  0  0  2  47  68  5  0  0  0  123  29  6  6  9  3  2  17  28  12  5  43  123  14  2  3  123  77  39  29  44  1  0  7  10  9  30  105  123  1  0  1  123  8  3  4  5  4  7  35  28  2  3  38  123  34  9  8  123  2  0  10  47  6  1  44  26  0  0  83  123  11  2  8  66  0  1  2  3  3  26  87  7  0  2  24  74  50  46  23  86  0  0  3  28  20  14  104  14  0  1  14  39  46  21  28
22.4847  49.7163  2.14555  -1.16217  31  1  0  1  27  7  0  19  133  41  7  1  1  0  0  41  36  29  22  50  133  20  0  2  55  52  15  19  66  5  0  3  43  9  0  0  27  10  0  5  133  69  0  0  8  6  4  38  66  18  0  1  133  95  5  8  129  62  6  1  52  20  1  5  23  1  0  1  20  10  5  26  107  11  0  0  3  17  57  133  49  16  0  0  73  133  73  47  133  56  2  2  15  17  4  10  0  0  6  30  9  1  1  6  1  0  4  3  0  1  23  56  105  17  0  0  0  12  35  45  96  38  2  5  17  7  5  19
33.7657  76.2373  2.54632  2.18896  39  10  3  10  12  7  4  9  43  9  1  15  120  15  1  5  131  58  24  12  16  0  0  17  17  10  26  87  103  5  0  3  58  8  1  3  6  10  11  20  65  13  3  29  131  6  0  5  131  45  1  6  31  2  0  9  44  21  3  21  131  8  0  2  72  0  0  0  4  4  26  71  85  1  0  1  131  25  3  36  131  10  0  1  33  8  3  53  53  4  0  8  131  32  4  15  35  0  6  17  1  1  8  52  30  0  0  0  47  53  19  53  69  0  0  0  12  17  47  131  13  0  0  0  47  60  72  48
30.9892  46.7815  2.47958  1.35655  28  30  90  26  11  2  1  15  72  43  34  13  8  2  1  20  18  29  61  88  17  0  0  1  16  33  88  59  20  5  0  0  3  3  75  55  126  71  5  8  126  24  5  8  44  27  4  40  86  44  23  75  52  12  0  6  20  33  18  27  86  27  0  3  10  1  0  0  97  126  38  22  126  32  0  0  29  29  3  26  101  14  0  1  61  51  7  18  18  7  0  1  99  72  3  7  14  3  0  0  6  29  35  32  116  11  0  0  4  11  30  120  65  13  2  4  27  31  29  61  14  8  2  8  91  42  2  3
21.7061  48.066  2.40454  1.26005  2  0  20  22  91  117  21  26  117  15  0  5  67  71  5  12  117  43  8  22  34  16  1  5  15  26  18  24  45  21  0  2  6  0  0  0  27  117  78  47  117  60  0  0  22  41  3  18  117  34  0  0  33  59  11  18  19  10  1  1  63  79  6  9  21  9  6  2  3  16  25  37  100  9  0  0  1  12  28  117  112  17  2  2  14  30  39  116  19  13  3  6  111  65  4  4  1  5  12  9  33  17  3  0  26  1  1  0  8  7  9  63  98  0  0  0  3  22  59  117  17  4  0  0  27  66  49  24
22.9102  73.9102  2.33931  -1.57608  12  114  31  8  4  0  0  0  23  108  42  64  13  0  0  0  35  120  120  104  21  0  0  0  0  2  54  120  33  0  0  0  38  84  17  0  0  0  0  2  94  35  5  14  44  17  2  21  120  56  11  46  50  12  4  52  14  27  94  120  79  5  1  1  27  28  23  1  1  0  4  7  73  32  4  17  47  4  1  7  120  79  9  20  22  7  2  26  79  34  11  45  101  4  0  1  25  1  1  1  1  1  16  21  88  8  0  11  28  1  1  13  120  28  1  10  23  21  7  28  61  6  1  18  57  22  13  41
31.3718  74.2548  2.29639  -1.5251  37  50  13  1  4  1  0  3  101  20  2  12  44  12  1  34  118  34  9  32  38  13  5  59  29  33  67  98  83  4  0  0  24  21  19  2  4  1  9  11  117  32  2  23  44  2  0  9  118  67  10  25  29  6  1  21  112  19  7  61  113  3  0  5  36  1  1  2  2  2  24  30  118  7  0  17  41  2  1  31  118  22  2  14  34  45  16  67  54  2  1  17  65  45  39  98  19  0  0  0  1  9  44  53  59  0  0  0  23  32  18  75  101  6  0  7  40  54  89  93  5  0  0  4  39  49  81  82
37.8884  74.14  2.28777  -1.72511  33  10  6  1  0  0  9  17  26  17  5  8  31  4  3  5  120  103  5  10  21  5  0  4  54  44  9  19  42  8  1  1  38  4  2  1  2  2  19  26  106  18  0  5  39  11  1  13  120  67  0  8  27  31  14  31  76  21  2  10  51  38  19  53  36  0  0  0  0  12  47  99  91  7  0  0  12  52  32  83  120  25  1  4  45  63  92  97  21  0  0  1  37  55  53  120  34  0  0  1  4  12  18  75  19  0  0  0  10  98  66  68  6  0  0  0  5  38  120  98  6  0  0  0  2  18  120  106
28.1828  41.2649  2.0476  0.845725  36  43  16  0  1  6  6  30  42  31  15  16  21  40  13  25  63  108  63  3  1  0  0  15  2  36  63  39  42  10  0  0  7  32  60  23  48  28  2  9  88  6  1  0  30  62  10  46  126  53  9  3  17  15  2  58  30  31  10  9  126  80  1  2  0  1  10  15  126  118  0  0  120  29  0  0  30  36  2  24  126  55  0  0  16  73  51  61  54  36  0  0  53  110  17  14  0  0  0  0  42  76  5  1  25  0  0  0  12  13  20  41  24  1  0  0  0  23  126  83  24  5  0  0  1  34  93  81
34.0179  88.9635  1.80846  1.95461  50  5  2  3  0  0  2  16  33  17  8  32  8  4  15  13  56  20  2  6  119  25  7  13  119  59  15  10  94  6  0  8  38  15  5  0  1  18  24  16  24  3  0  0  3  33  56  29  60  30  8  36  68  13  18  34  119  12  2  42  80  4  0  22  5  3  2  0  0  30  119  37  58  1  0  0  0  10  40  101  119  22  3  9  104  7  1  37  119  20  1  9  119  12  0  3  8  10  12  8  6  4  24  27  34  0  0  0  2  4  36  119  119  0  0  0  62  14  8  119  119  4  0  1  98  16  1  20
24.9583  73.6646  2.03391  1.94506  50  14  2  8  32  5  0  2  36  37  14  14  122  9  0  1  40  71  115  75  12  0  0  3  0  0  16  93  39  0  11  19  22  10  2  6  20  10  17  22  101  14  2  28  88  9  2  12  122  24  13  45  57  5  1  30  2  0  9  105  122  6  0  1  73  11  1  4  14  2  5  22  109  16  2  18  116  9  0  4  122  41  3  17  62  11  1  15  14  33  37  49  122  12  0  1  62  0  0  0  10  3  7  66  102  3  0  0  92  14  1  19  122  14  2  11  45  9  2  20  71  22  4  20  80  11  1  3
