14
42.3535  67.3521  56.8004  115.024
33.7657  76.2373  48.9371  126.864
30.5942  46.8236  44.2216  102.293
37.0977  73.5583  51.9927  124.857
29.0133  47.0465  44.046  101.934
27.2921  42.2797  39.994  98.6527
36.469  34.1435  48.7147  91.1844
22.7076  73.6762  37.4314  125.845
22.7076  73.6762  37.4967  125.9
22.9102  73.9102  37.4967  125.9
27.2921  42.2797  40.7181  98.9202
26.6995  43.2488  40.7181  98.9202
29.7224  56.0346  44.5399  110.268
26.6995  43.2488  40.7181  98.9202
