712  128  
40.2824  26.6871  2.07429  0.735646  0  0  3  1  2  2  1  1  5  4  4  0  0  15  12  5  26  25  28  6  2  9  13  14  0  14  108  30  10  23  6  0  1  0  0  0  4  52  20  4  55  2  0  0  7  134  65  23  134  109  23  0  2  22  24  39  9  48  74  26  34  112  7  0  0  0  1  7  33  81  19  0  104  21  16  22  57  78  9  15  134  42  5  1  4  58  58  132  6  11  23  18  20  134  40  9  19  6  14  15  7  7  12  11  18  20  54  55  6  0  0  3  97  129  29  7  0  4  19  49  20  84  117  68  7  14  12  12
68.6292  28.7327  2.02491  0.283743  7  0  0  4  11  13  28  24  1  1  0  32  32  27  25  1  6  42  41  18  9  2  2  1  0  17  84  44  3  0  0  0  2  14  9  1  2  48  118  8  37  24  37  4  2  31  96  32  118  113  31  1  0  1  5  25  18  81  118  43  0  0  3  8  29  109  41  13  4  9  9  4  40  87  110  85  19  0  2  10  118  31  26  36  10  1  35  118  26  39  38  1  1  8  118  114  80  23  2  2  2  2  1  21  79  14  31  48  12  0  7  34  5  2  69  108  25  9  23  20  0  0  5  63  27  16  96  13
86.9844  28.5839  2.00287  2.15178  50  8  8  11  0  0  4  28  33  19  1  0  21  46  40  36  53  80  26  15  17  22  3  6  8  8  13  27  24  20  1  2  2  6  15  21  5  0  1  3  122  29  3  7  11  4  16  15  140  139  74  83  2  0  0  15  6  9  39  140  50  2  0  0  0  0  10  32  2  0  0  0  104  58  16  14  3  0  0  5  140  45  10  22  3  0  0  102  39  2  9  140  140  5  3  37  1  4  7  4  0  0  0  0  66  37  8  2  0  0  0  17  132  27  0  0  0  1  15  102  18  0  0  10  93  53  49  61
14.4211  35.8886  2.00508  2.2059  72  10  0  0  0  0  7  9  55  13  3  15  10  14  18  6  1  4  5  15  18  17  11  1  0  0  0  10  61  29  6  5  89  21  1  0  0  10  12  16  69  14  0  2  2  59  65  23  93  115  81  64  12  7  13  9  0  5  34  129  88  18  0  0  16  22  1  0  11  47  10  3  129  9  0  0  5  61  25  47  129  69  30  41  17  16  21  129  6  5  15  129  129  55  17  14  2  2  0  6  24  36  4  1  66  49  0  1  4  14  2  25  99  17  0  0  1  17  80  129  0  0  0  2  48  80  73  16
103.878  40.6058  1.90433  2.91548  17  4  4  19  31  31  11  18  30  51  12  11  22  13  0  2  67  108  70  9  0  0  0  17  16  37  85  49  0  0  1  7  17  22  18  54  7  9  2  2  71  116  57  25  3  3  0  2  116  54  68  45  2  0  0  31  92  18  32  98  17  0  0  17  17  10  13  37  11  3  8  4  116  36  14  25  3  1  4  30  112  18  21  116  50  1  3  43  52  3  3  35  42  6  22  116  0  0  1  8  30  49  30  8  116  4  0  0  0  6  20  108  100  11  4  78  73  15  22  74  94  19  2  42  68  17  10  66
50.9482  43.5229  2.01425  1.98948  17  9  1  9  64  53  46  4  0  0  0  80  116  20  5  0  48  21  20  39  61  3  0  4  127  30  7  19  14  0  0  11  0  0  0  2  3  50  122  18  25  8  2  8  36  102  69  12  105  127  127  21  21  10  3  4  75  49  100  58  9  1  0  19  2  8  17  61  41  17  18  2  107  4  0  15  28  36  31  18  127  40  15  7  1  1  5  57  23  9  36  74  18  13  17  21  10  3  4  77  55  2  5  11  52  51  11  54  42  2  0  6  127  46  4  0  0  3  10  81  9  0  0  0  5  31  53  42
73.5999  43.5239  2.00988  -2.01944  0  10  7  51  110  7  0  0  16  39  3  22  62  8  0  0  38  125  11  0  0  0  0  0  9  53  38  36  4  4  1  0  0  1  6  28  125  117  2  0  110  30  0  0  53  36  3  11  89  79  3  0  0  8  56  37  6  20  15  11  3  74  84  16  2  2  1  0  39  125  45  6  53  11  1  0  5  20  25  79  32  87  3  0  0  12  100  47  9  125  89  24  5  19  31  10  1  31  39  0  0  18  13  1  19  82  39  0  0  0  3  12  91  125  14  0  0  3  3  5  12  125  46  13  41  57  2  0
73.5999  43.5239  2.00988  2.89608  20  0  0  26  17  0  2  69  18  2  0  0  0  3  123  123  0  0  1  0  7  52  123  32  0  0  0  3  3  75  82  1  3  9  10  84  18  0  0  3  28  76  29  8  0  0  15  28  5  32  123  10  0  1  50  13  0  1  50  53  2  15  21  1  2  8  123  123  6  0  0  0  70  36  59  91  0  0  0  21  87  42  72  22  0  0  0  33  5  6  68  123  7  1  0  4  4  7  103  107  4  2  40  67  9  4  51  123  45  13  13  6  60  7  7  29  28  6  7  85  19  2  4  24  37  27  5  36
49.0238  49.23  2.12466  2.03753  0  0  0  68  94  15  4  0  53  20  20  44  56  3  1  7  126  29  10  32  20  0  0  21  6  1  2  71  60  1  0  2  13  2  0  8  29  81  59  10  124  126  110  19  23  16  5  8  85  64  126  78  12  2  1  25  6  4  12  86  77  3  1  10  49  2  1  27  31  32  22  13  126  26  9  4  0  2  6  80  45  11  35  69  17  22  28  40  0  4  29  88  55  8  20  4  22  27  6  66  43  5  2  5  125  63  6  2  1  6  10  71  16  0  0  0  6  38  88  63  0  0  0  8  19  28  70  26
29.8524  51.6286  2.0124  0.746229  10  13  53  39  8  0  4  8  102  7  1  12  8  1  27  104  113  44  2  0  0  0  20  85  29  14  1  6  25  27  14  41  19  2  21  94  32  4  5  23  99  16  23  103  32  1  2  47  113  38  5  0  0  4  17  112  63  5  0  3  10  112  46  30  20  3  0  12  9  12  54  42  67  102  77  40  11  13  18  13  56  105  42  3  3  113  22  5  10  14  0  0  0  113  37  2  53  57  0  0  0  9  36  14  89  64  4  0  1  83  54  12  2  4  3  1  2  113  48  3  60  21  0  0  0  27  13  7
11.6097  52.6032  2.01621  1.49949  1  3  4  4  14  11  21  14  15  1  2  3  13  55  30  24  81  2  0  0  40  40  11  91  0  0  0  0  75  63  8  2  1  12  35  56  79  54  11  1  28  0  0  0  20  123  52  26  128  3  0  0  49  30  13  74  2  0  0  0  96  47  4  2  0  3  10  47  128  113  9  0  95  21  0  0  69  74  33  13  128  46  0  0  67  16  5  17  1  0  0  0  104  40  2  0  0  1  0  0  111  128  15  0  92  41  0  0  36  19  0  5  120  16  0  0  49  21  5  30  0  0  0  0  75  32  1  0
20.8598  52.5085  1.96278  1.08974  5  24  49  32  4  8  7  24  9  5  50  115  5  2  5  25  89  78  39  17  1  1  2  80  61  21  1  0  29  84  5  18  4  1  4  8  12  22  21  33  36  6  10  26  8  35  80  39  115  111  27  9  22  50  15  34  8  21  3  2  70  115  4  1  0  0  1  6  34  82  100  2  114  23  0  0  2  47  62  29  115  22  0  0  20  115  20  29  0  0  0  0  21  115  30  5  18  28  0  0  27  78  68  8  115  112  0  0  7  17  28  20  36  13  0  0  42  115  7  0  0  0  0  0  4  35  24  8
101.532  64.9041  2.12163  -1.60062  22  20  3  3  18  103  116  28  54  107  17  4  47  77  19  3  11  103  83  48  55  4  1  1  3  15  11  43  82  12  4  5  29  9  22  34  12  21  45  7  121  90  2  3  1  12  17  39  50  43  9  14  121  121  20  13  16  1  0  3  110  99  8  19  9  2  7  34  41  35  9  6  69  2  0  4  11  31  111  121  8  2  4  2  21  121  121  28  8  0  1  6  21  71  5  25  0  4  2  1  8  68  35  0  6  48  14  0  3  19  26  10  1  37  51  12  11  25  22  3  2  8  7  19  21  10  0  1
101.532  64.9041  2.12163  2.41365  25  21  9  16  50  13  1  2  37  25  10  6  37  5  0  10  52  15  13  5  1  3  30  45  3  7  1  1  10  42  28  10  33  8  0  0  35  46  19  21  106  123  62  6  15  8  0  3  18  56  122  123  13  1  10  7  63  60  6  76  15  10  18  5  31  4  13  1  1  7  20  17  123  40  10  3  0  0  1  121  71  18  23  123  89  13  14  75  66  15  4  98  113  13  3  39  12  21  62  26  1  0  0  1  68  10  24  21  1  0  3  116  19  1  1  2  33  41  79  123  6  33  11  4  87  51  16  14
82.5965  66.4291  1.88235  -2.9672  30  14  37  45  8  14  39  64  0  6  25  50  37  25  31  5  0  0  2  33  69  2  1  1  4  2  2  3  2  0  0  2  6  1  23  34  5  23  115  76  68  2  2  11  12  30  96  70  32  10  69  66  25  1  2  10  1  1  106  35  0  0  0  0  0  0  30  116  47  18  8  0  116  37  4  45  18  5  3  23  116  116  104  11  0  0  0  11  0  14  116  71  11  3  0  0  0  0  0  13  27  78  69  1  78  9  0  9  14  38  21  94  109  36  11  1  0  4  79  116  1  4  13  18  23  76  106  15
28.2081  73.3487  2.01803  0.649287  1  0  0  0  0  52  32  3  71  35  0  0  0  10  9  4  101  118  66  80  4  0  0  1  1  37  55  127  9  0  0  0  6  0  0  0  0  2  11  29  127  34  0  0  0  0  0  27  127  45  8  46  9  7  1  55  15  39  46  122  26  33  18  8  34  3  0  0  0  0  1  17  127  113  0  0  0  0  0  52  127  78  0  0  9  39  32  69  8  4  3  2  40  127  67  10  14  0  0  0  0  0  1  23  127  40  1  0  0  0  0  81  64  51  29  45  12  20  27  44  18  49  37  22  19  44  12  1
20.552  79.6685  2.00758  0.709006  7  0  0  0  0  0  6  20  79  49  0  0  0  0  0  20  128  76  0  1  1  5  5  53  37  3  3  16  33  90  26  20  15  0  0  0  0  0  1  17  115  25  0  0  0  0  0  102  121  70  9  10  3  10  36  128  11  18  11  19  39  101  42  12  4  0  0  0  0  0  4  22  128  16  0  0  0  0  1  50  128  98  28  47  3  1  1  44  17  32  128  86  9  6  1  1  8  17  0  0  0  0  1  10  82  128  10  0  0  0  0  10  128  128  5  3  0  0  1  36  26  14  32  12  1  3  7  16
15.6664  85.6434  2.017  0.9035  16  0  0  0  0  0  2  29  107  15  0  0  0  0  12  129  81  42  38  45  8  18  26  39  42  49  72  28  14  15  1  3  3  0  0  0  0  0  10  20  129  14  0  0  0  0  2  88  129  43  34  29  0  0  0  121  19  41  100  23  1  1  5  13  15  17  0  0  0  0  4  12  120  129  0  0  0  0  0  16  129  129  0  0  0  4  11  42  31  5  2  5  6  8  23  31  50  28  1  0  0  0  0  12  129  129  0  0  0  0  24  94  23  46  0  0  0  11  60  52  38  2  0  1  4  49  42  23
16.7408  100.604  2.02695  -1.40217  28  8  2  9  20  0  0  0  155  74  23  0  0  0  0  0  33  87  125  5  0  0  0  0  3  47  58  52  79  0  0  0  31  15  8  22  25  0  0  0  155  87  5  1  0  0  0  10  93  71  38  56  2  0  0  6  12  26  22  71  65  0  0  0  25  8  3  24  49  0  0  0  155  45  2  0  0  0  0  53  123  43  42  28  2  5  16  44  5  19  30  26  12  15  5  5  16  7  1  52  56  0  0  0  155  49  2  0  0  0  0  29  144  52  53  28  28  5  4  31  0  6  29  39  39  60  9  0
46.2297  101.594  2.02222  -3.00977  1  2  0  0  0  0  3  10  1  14  14  0  0  0  33  33  0  3  19  3  0  6  87  11  0  9  16  1  2  17  26  2  29  22  0  0  0  0  0  2  85  130  104  23  0  0  0  2  5  27  130  118  0  0  0  0  16  120  108  10  0  0  0  0  62  10  0  0  0  0  0  5  130  42  23  12  0  0  0  63  65  15  84  119  105  21  1  23  109  38  26  19  47  28  11  41  40  10  0  0  0  0  0  4  130  12  0  0  0  0  9  66  49  0  0  5  116  54  57  61  89  0  0  8  83  28  13  52
46.2297  101.594  2.02222  -1.12411  27  0  0  0  0  0  20  123  34  10  14  7  5  46  98  97  5  61  122  21  16  73  30  0  2  26  61  81  33  10  4  11  33  1  0  9  12  1  1  34  123  48  10  1  0  3  10  62  62  72  84  7  6  115  64  9  0  7  20  38  62  123  58  0  20  0  0  16  58  6  2  18  116  8  0  0  0  19  96  123  16  1  0  0  0  123  123  23  0  0  0  0  0  91  109  2  0  0  0  1  36  21  1  2  0  0  0  0  1  5  30  22  0  0  0  0  0  18  41  3  0  0  0  0  1  7  13  2
20.7942  114.561  2.0446  1.42896  0  0  1  27  123  47  1  0  51  17  0  0  27  15  2  6  123  123  14  0  0  1  4  14  7  34  107  12  2  9  24  5  0  0  0  0  123  123  4  0  123  9  0  0  12  19  2  24  123  40  1  2  5  20  15  70  7  6  16  16  16  56  123  16  1  0  0  0  120  79  2  1  123  34  0  0  2  5  2  16  123  67  3  5  4  5  21  45  7  5  50  51  12  15  56  6  4  0  0  0  36  49  4  3  117  25  0  0  0  1  2  24  63  21  4  2  0  8  52  43  0  0  10  5  0  17  97  6
40.7934  113.611  2.01546  1.67168  0  0  37  49  13  0  0  0  7  19  1  8  3  0  0  0  12  126  46  0  0  0  0  0  0  80  126  0  0  0  0  0  0  0  19  47  118  57  0  0  75  31  1  8  20  3  0  0  126  126  24  0  0  3  2  7  17  87  95  0  0  43  48  3  0  0  1  30  97  38  0  0  84  6  0  4  11  1  0  18  126  9  0  0  0  23  30  126  12  7  26  4  14  126  73  18  0  0  13  116  92  0  0  0  25  1  0  8  28  4  2  15  126  63  4  0  0  2  8  57  19  65  83  3  4  15  15  6
33.0269  115.126  2.0522  1.63832  1  1  0  7  61  34  0  0  117  30  0  0  3  0  0  7  117  76  11  0  0  30  19  26  2  13  23  0  1  69  99  6  0  0  1  47  66  4  0  0  103  5  0  1  3  1  2  59  104  36  17  2  4  48  46  108  1  25  108  8  12  72  41  5  0  0  1  77  117  7  0  0  114  18  0  0  14  6  2  22  117  117  19  0  0  9  9  26  4  36  82  1  1  35  72  2  0  0  0  7  117  49  2  0  79  1  0  0  14  9  1  43  117  6  0  2  7  17  9  104  4  1  29  22  19  50  49  6
84.5367  120.127  2.04067  -2.97495  5  6  71  33  41  17  5  7  78  2  3  13  49  15  8  121  24  1  0  20  90  6  3  23  1  0  0  1  7  5  5  5  2  0  0  2  64  106  59  1  121  44  1  5  43  45  6  24  81  27  4  62  121  2  0  7  2  0  0  7  35  4  5  10  7  0  3  33  16  51  96  21  121  9  0  1  5  9  17  121  79  3  1  33  121  7  7  87  6  3  1  21  57  1  1  2  1  0  15  121  78  1  1  8  74  0  0  12  16  0  1  121  112  0  0  7  48  4  4  121  2  0  0  10  54  2  1  1
