159
1534.73  223.906  196.212  1176.57
1540.66  540.442  225.607  739.166
56.2146  804.959  291.251  912.531
55.275  829.042  32.8437  1115.73
1871.61  241.383  262.903  422.688
1879.98  174.955  252.019  415.845
1895.49  257.548  305.096  436.752
1231.26  463.445  305.441  1161.5
1662.99  544.082  246.696  425.375
811.104  377.825  202.669  1101.16
1539.76  376.889  156.864  166.133
1573.9  200.318  224.492  681.44
700.646  492.269  245.457  403.917
1339.27  100.744  258.042  306.086
1550.14  55.9095  217.083  754.62
1339.86  102.261  262.862  303.279
619.077  341.074  257.275  350.747
1354.01  247.803  218.22  683.076
1827.84  253.934  187.269  1182.21
1672.56  494.538  244.489  643.345
1387  138.697  249.373  141.598
1275.02  137.233  185.851  1143.36
1838.99  190.931  174.502  1175.08
1409.51  587.211  229.674  423.755
1550.28  217.122  229.766  437.814
1318.17  96.046  205.86  791.546
1650.45  547.288  226.109  434.953
97.2613  523.513  210.975  615.211
1545.27  575.279  281.824  158.029
1394.01  136.547  245.33  83.0887
1484.65  90.8602  224.096  1101.39
55.1692  827.503  32.8437  1115.73
1620.51  526.938  223.923  361.193
1329.98  142.809  233.084  999.794
1194.83  535.919  183.642  976.391
1641.2  549.193  286.117  191.362
1835.1  177.064  162.65  1150.17
712.253  705.864  308.672  178.085
576.918  279.71  263.666  660.634
655.676  710.074  246.027  168.45
1434.37  627.356  185.121  789.973
818.867  460.101  283.283  319.68
1433.71  706.704  202.365  501.154
909.771  172.914  299.047  133.42
1533.52  446.957  267.389  675.75
1587.71  224.92  285.328  431.818
1354.7  336.561  242.13  1097.04
864.876  460.868  201.446  362.059
1269.81  161.11  199.212  464.204
1690.27  554.245  288.466  430.182
1592.73  225.415  292.958  428.077
1591.14  225.629  292.958  428.077
1288.89  451.309  248.113  873.732
1626.9  550.221  307.154  157.479
1522.61  705.927  265.008  901.746
402.094  675.842  282.633  915.043
1604.08  392.893  172.291  802.587
1346.26  134.5  280.778  686.624
1592.05  238.393  298.05  445.719
1300.6  354.296  270.108  866.781
1482.48  93.3652  287.881  601.413
1351.39  138.842  282.956  697.949
204.538  692.802  288.768  595.132
538.466  481.905  293.718  603.473
1603.53  208.726  311.685  392.939
529.158  116.262  307.969  414.329
1508.29  380.88  135.468  797.477
352.255  797.489  355.475  205.249
1368.22  463.302  175.042  462.971
1279.57  152.347  158.93  708.665
1854.89  189.115  157.506  712.727
1572.25  294.632  344.318  81.0682
898.415  783.383  262.159  1213.64
507.618  777.043  187.574  398.323
1789.92  238.851  117.278  1152.01
1515.85  209.609  172.376  445.286
1616.46  408.323  284.118  1043.97
828.577  799.319  306.714  622.625
1338.12  140.608  190.365  124.342
1785.14  282.468  295.291  774.138
1786.05  245.413  109.633  1166.48
1339.97  738.961  326.295  372.747
166.05  423.25  302.214  775.271
466.385  377.388  124.765  1155.03
1287.84  590.759  294.882  914.344
348.196  797.62  374.256  178.652
1547.06  477.475  138.81  831.854
1854.54  168.32  147.185  679.464
1767.72  355.94  320.067  450.649
1230.89  662.406  309.554  791.159
1222.43  151.454  111.3  1165.66
467.185  285.09  173.315  64.5329
1280.71  151.886  118.793  1001.01
1293.53  519.114  314.388  789.457
1084.5  438.22  350.284  140.287
333.111  692.322  328.987  900.095
285.208  84.5918  164.668  32.5494
1501.9  206.078  143.46  448.327
1178.22  229.552  357.381  273.726
1841.35  172.717  124.603  683.718
1461.6  177.88  160.506  95.454
1191.39  143.997  138.287  386.188
454.544  120.281  153.129  100.472
1613.08  692.87  329.711  861.648
599.633  843.548  75.1107  1200.24
1843.71  250.863  95.2663  863.803
1458.61  252.404  333.89  866.739
1258.11  131.284  111.843  671.28
573.481  471.019  127.089  332.382
1646.56  213.472  368.625  393.935
1209.46  223.203  377.046  265.824
1855.63  556.097  113.958  478.075
1287.98  442.943  352.729  870.53
1283.69  143.083  91.7514  840.842
1440.21  121.489  324.398  1195.81
1389.38  138.303  357.134  698.148
1341.26  612.424  110.567  507.086
1472.09  323.265  354.317  814.144
1408.01  153.756  382.057  387.48
591.415  555.747  346.946  1152.48
457.984  382.231  358.182  809.617
1636.35  556.562  80.7177  858.268
1389.48  605.634  76.6035  866.332
1828.27  117.616  86.5506  698.98
927.994  778.378  377.498  605.21
1549.81  218.749  124.2  117.109
1416.18  143.933  392.693  367.881
1395.92  151.153  372.304  719.755
1084.78  665.693  397.936  355.3
1543.65  221.851  118.179  119.431
1423.43  149.268  400.044  375.011
1284.48  137.081  114.127  93.1587
746.45  129.671  113.795  43.075
1501.35  310.212  86.5945  537.726
1834.45  172.564  63.5138  834.351
1249.99  158.699  58.4362  859.054
1248.76  158.18  57.1982  857.184
375.104  421.949  368.91  1097.44
789.477  253.509  368.927  1100.5
1407.79  140.417  392.915  704.991
1046.07  259.522  410.791  411.54
1826.78  119.573  47.5427  849.349
1473.78  88.2075  78.9262  365.685
1635.08  407.672  69.6454  404.107
1234.76  147.178  43.9141  840.727
1117.87  242.785  429.912  312.203
1116.91  242.87  429.912  312.203
758.949  556.117  411.416  395.789
1836.99  255.469  114.363  128.644
1843.31  169.551  91.166  84.3617
1251.91  138.682  76.9089  80.9468
345.108  450.307  419.504  684.955
1219.9  155.831  405.038  1024.77
1820.96  249.697  92.5968  110.352
1241.07  138.335  64.2301  77.2629
1468.11  89.8112  46.9332  371.776
1811.43  247.095  77.4127  100.612
1282.52  691.878  423.621  1008.94
1395.92  151.153  372.304  719.755
